"frame_number"	"time_in_deciseconds"	"X"	"Y"	"Z"	"ID"	"distance"
"1"	7625	762.4	-1903.047	-1756.776	42.429	1	NA
"2"	3798	379.7	-1936.317	-1692.375	27.693	2	NA
"3"	4912	491.1	-1631.221	-1886.952	36.808	3	NA
"4"	5542	554.1	1089.516	-533.036	10.089	4	NA
"5"	16537	1653.6	4529.348	2503.15	-54.665	5	NA
"6"	1610	160.9	3692.627	5149.218	-112.919	6	NA
"7"	1454	145.3	3693.616	5148.266	-111.201	7	NA
"8"	732	73.1	3203.357	1873.985	-30.932	8	NA
"9"	4906	490.5	4372.04	2496.509	-57.952	9	NA
"10"	2495	249.4	-1433.58	8284.855	-173.515	10	NA
"11"	18692	1869.1	3283.952	1425.826	-34.05	11	NA
"12"	3	0.2	1448.549	2086.272	-36.605	12	NA
"13"	18880	1887.9	-1586.942	1955.999	-31.688	13	NA
"14"	501	50	-2361.081	-1174.857	18.559	14	NA
"15"	40	3.9	-1057.381	6737.288	-149.979	15	NA
"16"	6116	611.5	-2407.967	-1119.526	26.459	16	NA
"17"	6482	648.1	-1628.399	-1886.295	35.432	18	NA
"18"	2987	298.6	3798.675	4878.795	-104.021	19	NA
"19"	54	5.3	4102.862	4382.644	-85.523	20	NA
"20"	3077	307.6	-1955.137	-1699.098	32.966	21	NA
"21"	22	2.1	4089.823	2037.744	-42.333	22	NA
"22"	3422	342.1	-3535.836	6933.056	-148.072	23	NA
"23"	23018	2301.7	3206.962	1388.514	6.012	24	NA
"24"	427	42.6	3202.451	1945.323	-45.853	25	NA
"25"	2658	265.7	-3532.217	6929.849	-150.649	26	NA
"26"	16345	1634.4	-1081.049	2036.66	-35.019	27	NA
"27"	7970	796.9	4039.459	1996.739	-50.384	28	NA
"28"	5	0.4	3193.936	1398.317	-18.027	29	NA
"29"	133	13.2	-2536.679	-810.089	22.532	30	NA
"30"	10	0.9	2670.422	1089.474	-12.578	31	NA
"31"	231	23	4362.351	2468.405	-56.175	32	NA
"32"	72	7.1	2734.948	1125.487	-14.044	33	NA
"33"	165	16.4	3929.507	4657.589	-96.544	34	NA
"34"	165	16.4	-1057.411	6737.114	-150.478	35	NA
"35"	127	12.6	-1057.681	6737.159	-150.55	36	NA
"36"	324	32.3	3728.334	5050.588	-107.702	37	NA
"37"	195	19.4	2904.577	1199.772	-13.919	38	NA
"38"	190	18.9	-2511.585	-867.768	23.868	39	NA
"39"	327	32.6	-1057.378	6737.055	-150.48	40	NA
"40"	266	26.5	-2492.614	-945.762	25.571	41	NA
"41"	205	20.4	1087.576	-543.243	12.152	42	NA
"42"	225	22.4	1086.21	-540.984	14.519	43	NA
"43"	260	25.9	2959.728	1227.408	-13.798	44	NA
"44"	726	72.5	4464.794	3630.857	-79.302	45	NA
"45"	282	28.1	2982.12	1242.756	-15.91	46	NA
"46"	297	29.6	-2469.311	-977.95	32.994	47	NA
"47"	303	30.2	3755.633	4998.031	-107.031	48	NA
"48"	414	41.3	-2402.404	-1094.595	27.704	49	NA
"49"	359	35.8	3681.295	5123.241	-100.71	50	NA
"50"	458	45.7	-1057.468	6737.247	-150.14	52	NA
"51"	463	46.2	3580.755	5360.146	-114.082	53	NA
"52"	406	40.5	-1057.526	6737.01	-150.726	54	NA
"53"	415	41.4	3136.204	1321.22	-21.368	55	NA
"54"	12066	1206.5	-1523.713	-1907.482	46.784	56	NA
"55"	430	42.9	-2393.143	-1110.519	26.959	57	NA
"56"	456	45.5	3202.075	1944.706	-46.498	58	NA
"57"	463	46.2	3194.992	1349.963	-23.391	59	NA
"58"	1155	115.4	2919.373	7160.365	-147.2	60	NA
"59"	488	48.7	3216.487	1370.113	-26.606	61	NA
"60"	740	73.9	3202.669	1943.334	-43.038	62	NA
"61"	530	52.9	-2331.637	-1206.744	28.922	63	NA
"62"	585	58.4	-1057.257	6737.086	-150.424	64	NA
"63"	618	61.7	-2267.723	-1300.487	31.67	65	NA
"64"	656	65.5	-2232.514	-1343.281	43.857	66	NA
"65"	649	64.8	-1057.54	6737.245	-150.498	67	NA
"66"	683	68.2	3415.171	1474.899	-31.27	68	NA
"67"	680	67.9	-1057.653	6737.198	-150.545	69	NA
"68"	717	71.6	-2187.384	-1401.529	32.789	70	NA
"69"	880	87.9	-1057.449	6736.927	-150.958	71	NA
"70"	724	72.3	-2183.995	-1409.248	34.813	72	NA
"71"	790	78.9	-2130.61	-1477.281	35.06	73	NA
"72"	740	73.9	4452.998	3665.127	-80.137	74	NA
"73"	2401	240	3204.123	1874.259	-38.541	75	NA
"74"	770	76.9	4435.744	3736.127	-82.039	76	NA
"75"	756	75.5	3198.563	1943.159	-41.841	77	NA
"76"	761	76	3495.677	1520.157	-24.849	78	NA
"77"	1026	102.5	4151.59	4278.512	-90.381	79	NA
"78"	843	84.2	3201.876	1945.059	-45.221	80	NA
"79"	794	79.3	4412.936	3777.604	-82.538	81	NA
"80"	807	80.6	-1057.4	6737.142	-150.492	82	NA
"81"	801	80	-2119.244	-1486.698	34.806	83	NA
"82"	841	84	-2087.41	-1526.184	35.631	84	NA
"83"	832	83.1	4378.162	3869.787	-84.675	85	NA
"84"	870	86.9	-2085.663	-1542.207	39.099	86	NA
"85"	869	86.8	-1057.315	6736.885	-150.584	87	NA
"86"	894	89.3	3203.605	1943.258	-44.006	88	NA
"87"	897	89.6	3630.681	1626.368	-31.238	89	NA
"88"	899	89.8	-2072.935	-1553.305	36.524	90	NA
"89"	909	90.8	-1057.515	6736.961	-150.749	91	NA
"90"	12021	1202	-1622.947	-1887.802	41.262	92	NA
"91"	950	94.9	3652.787	5120.228	-111.4	93	NA
"92"	6557	655.6	3176.584	1921.649	-39.415	94	NA
"93"	945	94.4	-1057.627	6737.325	-150.294	95	NA
"94"	966	96.5	3654.863	5117.22	-117.253	96	NA
"95"	970	96.9	3691.97	5150.528	-113.476	97	NA
"96"	985	98.4	3691.17	5150.538	-113.623	98	NA
"97"	991	99	3653.673	5119.394	-111.951	99	NA
"98"	1011	101	3653.709	5119.376	-111.896	100	NA
"99"	1023	102.2	1094.3	-534.197	10.069	101	NA
"100"	1036	103.5	3764.159	1725.121	-31.387	102	NA
"101"	1027	102.6	3766.939	1733.912	-35.257	103	NA
"102"	1062	106.1	4108.066	4356.825	-91.353	104	NA
"103"	1079	107.8	3782.893	1751.212	-36.751	105	NA
"104"	1121	112	4026.019	4488.287	-92.45	106	NA
"105"	1101	110	3785.597	1758.93	-38.043	107	NA
"106"	1102	110.1	-1057.507	6737.051	-150.639	108	NA
"107"	1115	111.4	3691.575	5150.498	-113.338	109	NA
"108"	1115	111.4	3653.375	5119.6	-113.005	110	NA
"109"	1120	111.9	3653.716	5119.206	-111.865	111	NA
"110"	1127	112.6	-1057.527	6737.037	-150.792	112	NA
"111"	1131	113	4020.749	4507.777	-93.356	113	NA
"112"	1148	114.7	3997.781	4540.162	-93.508	114	NA
"113"	1175	117.4	3972.831	4600.24	-96.567	115	NA
"114"	1188	118.7	2928.867	7161.97	-152.243	116	NA
"115"	1202	120.1	3950.275	4647.3	-96.045	117	NA
"116"	2213	221.2	1176.16	8268.951	-175.256	118	NA
"117"	1207	120.6	3946.554	4657.27	-97.46	119	NA
"118"	1226	122.5	3919.687	4700.769	-96.674	120	NA
"119"	1262	126.1	3874.523	4784.855	-102.134	121	NA
"120"	1296	129.5	3824.201	4849.921	-102.654	122	NA
"121"	1303	130.2	3691.072	5151.044	-114.294	123	NA
"122"	1317	131.6	3797.641	4893.83	-101.471	124	NA
"123"	1327	132.6	3654.539	5119.753	-112.038	125	NA
"124"	1336	133.5	3654.529	5119.804	-112.04	126	NA
"125"	1340	133.9	3768.161	4927.743	-102.937	127	NA
"126"	1340	133.9	3655.022	5119.739	-111.484	128	NA
"127"	1350	134.9	3691.837	5150.553	-113.378	129	NA
"128"	1365	136.4	3735.481	4984.927	-99.721	130	NA
"129"	1378	137.7	3735.947	5016.034	-107.121	131	NA
"130"	1388	138.7	3733.864	5036.519	-109.918	132	NA
"131"	1404	140.3	3717.03	5083.366	-105.006	133	NA
"132"	1430	142.9	3715.199	5110.413	-118.639	134	NA
"133"	1456	145.5	3650.417	5133.268	-102.147	135	NA
"134"	1486	148.5	3638.517	5232.237	-109.6	136	NA
"135"	1592	159.1	3691.24	5149.689	-114.83	137	NA
"136"	1530	152.9	3583.832	5326.539	-110.781	138	NA
"137"	1504	150.3	-1057.526	6737.181	-150.52	139	NA
"138"	1562	156.1	3542.737	5399.722	-113.71	140	NA
"139"	1565	156.4	-1057.548	6737.234	-150.493	141	NA
"140"	1929	192.8	3306.034	6200.855	-138.425	142	NA
"141"	1598	159.7	3691.053	5149.705	-115.189	143	NA
"142"	1602	160.1	4252.555	2293.07	-50.873	144	NA
"143"	1615	161.4	3692.211	5149.881	-113.312	145	NA
"144"	1618	161.7	3691.004	5149.669	-115.2	146	NA
"145"	1621	162	3682.718	5149.278	-129.092	147	NA
"146"	1624	162.3	3681.093	5148.754	-130.979	148	NA
"147"	1631	163	3691.951	5150.197	-114.143	149	NA
"148"	1629	162.8	4267.51	2331.297	-52.105	150	NA
"149"	1634	163.3	3686.703	5149.126	-121.83	151	NA
"150"	3172	317.1	3539.704	5411.049	-114.164	152	NA
"151"	2301	230	3663.502	5205.324	-115.863	153	NA
"152"	1686	168.5	4305.165	2396.827	-53.819	154	NA
"153"	1684	168.3	-1057.513	6737.386	-149.945	155	NA
"154"	1712	171.1	4323.974	2433.794	-54.242	156	NA
"155"	1791	179	-1057.576	6737.347	-150.221	157	NA
"156"	1841	184	4385.604	2558.156	-55.412	158	NA
"157"	1904	190.3	4408.059	2611.572	-58.12	159	NA
"158"	2473	247.2	2808.714	7356.036	-163.153	160	NA
"159"	1984	198.3	4457.197	2689.999	-58.931	161	NA
"160"	2019	201.8	4466.512	2737.562	-59.804	162	NA
"161"	2094	209.3	4489.786	2835.527	-60.62	163	NA
"162"	2110	210.9	4495.23	2866.448	-58.805	164	NA
"163"	2200	219.9	4498.855	2970.36	-60.169	165	NA
"164"	2268	226.7	4506.615	3059.533	-65.856	166	NA
"165"	2239	223.8	1092.388	-534.155	9.989	167	NA
"166"	2320	231.9	4504.249	3137.395	-64.269	168	NA
"167"	2293	229.2	3691.917	5149.747	-113.422	169	NA
"168"	2882	288.1	3667.551	5217.55	-109.576	170	NA
"169"	2308	230.7	3686.547	5149.024	-121.718	171	NA
"170"	2335	233.4	4502.722	3153.937	-65.962	172	NA
"171"	2355	235.4	4503.354	3187.234	-66.683	173	NA
"172"	2389	238.8	4502.391	3233.68	-64.482	174	NA
"173"	2427	242.6	4495.014	3282.897	-69.494	175	NA
"174"	2455	245.4	4504.683	3330.153	-64.942	176	NA
"175"	2527	252.6	4494.089	3402.187	-70.694	177	NA
"176"	2520	251.9	2736.93	7448.263	-164.272	178	NA
"177"	2680	267.9	4444.798	3610.625	-69.237	179	NA
"178"	2557	255.6	2669.764	7513.835	-166.217	180	NA
"179"	2563	256.2	4311.858	3995.039	-85.286	181	NA
"180"	2574	257.3	2648.647	7546.23	-167.59	182	NA
"181"	2630	262.9	2570.28	7648.349	-170.849	183	NA
"182"	2609	260.8	4473.466	3514.657	-68.058	184	NA
"183"	2646	264.5	-1057.378	6736.917	-150.762	185	NA
"184"	2657	265.6	2533.267	7690.533	-171.986	186	NA
"185"	2677	267.6	-1363.279	8257.102	-173.535	187	NA
"186"	2690	268.9	4443.738	3625.471	-70.218	188	NA
"187"	2712	271.1	4435.254	3652.357	-71.191	189	NA
"188"	2719	271.8	4432.072	3666.197	-71.06	190	NA
"189"	2741	274	-3565.366	6866.143	-138.722	191	NA
"190"	2724	272.3	4432.798	3675.846	-67.477	192	NA
"191"	2728	272.7	-1263.55	8236.825	-171.817	193	NA
"192"	2730	272.9	4425.256	3680.775	-72.953	194	NA
"193"	2745	274.4	4413.404	3697.42	-71.614	195	NA
"194"	2747	274.6	2401.462	7811.55	-172.516	196	NA
"195"	2755	275.4	-1057.002	6736.765	-150.788	197	NA
"196"	2758	275.7	4411.679	3715.862	-72.716	198	NA
"197"	2766	276.5	-3567.25	6861.027	-136.524	199	NA
"198"	2770	276.9	4411.089	3730.966	-73.191	200	NA
"199"	2777	277.6	4407.867	3742.895	-71.457	201	NA
"200"	2797	279.6	4396.456	3769.985	-73.711	202	NA
"201"	2820	281.9	4385.82	3796.993	-73.746	203	NA
"202"	2829	282.8	4376.75	3805.38	-75.356	204	NA
"203"	2839	283.8	-3594.659	6814.333	-133.505	205	NA
"204"	2836	283.5	4377.107	3812.386	-74.544	206	NA
"205"	2839	283.8	-1017.746	8246.596	-173.038	207	NA
"206"	2847	284.6	4371.836	3832.803	-74.11	208	NA
"207"	2954	295.3	-3759.824	6646.795	-124.81	209	NA
"208"	2859	285.8	4366.603	3845.129	-76.337	210	NA
"209"	2864	286.3	4365.448	3847.016	-75.084	211	NA
"210"	2888	288.7	4366.015	3870.414	-75.569	212	NA
"211"	2902	290.1	3836.778	4796.053	-111.072	213	NA
"212"	2885	288.4	3671.901	5150.682	-134.303	214	NA
"213"	2924	292.3	4336.838	3912.423	-77.592	215	NA
"214"	2917	291.6	3682.553	5213.344	-112.343	216	NA
"215"	2992	299.1	3646.375	5236.521	-95.244	217	NA
"216"	2935	293.4	4326.988	3928.246	-77.571	218	NA
"217"	2940	293.9	4324.027	3933.529	-77.76	219	NA
"218"	2947	294.6	4316.654	3939.879	-78.639	220	NA
"219"	2960	295.9	4310.625	3957.647	-78.835	221	NA
"220"	2969	296.8	4304.125	3969.659	-78.585	222	NA
"221"	2972	297.1	3832.686	4843.754	-104.021	223	NA
"222"	2985	298.4	-3829.349	6601.098	-124.886	224	NA
"223"	3034	303.3	3767.062	4970.249	-101.669	225	NA
"224"	2989	298.8	4288.452	3992.982	-78.944	226	NA
"225"	2997	299.6	4285.141	4005.377	-78.955	227	NA
"226"	3012	301.1	3634.289	5261.063	-94.733	228	NA
"227"	3035	303.4	4262.741	4045.771	-80.924	229	NA
"228"	3022	302.1	3623.542	5279.01	-95.782	230	NA
"229"	3021	302	3691.777	5149.827	-113.61	231	NA
"230"	3025	302.4	4273.67	4038.272	-73.681	232	NA
"231"	3042	304.1	3613.88	5314.231	-96.376	233	NA
"232"	3032	303.1	3603.268	5292.979	-111.342	234	NA
"233"	4107	410.6	3680.811	5144.92	-102.108	235	NA
"234"	3041	304	3691.76	5149.858	-113.548	236	NA
"235"	3045	304.4	3609.081	5315.54	-96.97	237	NA
"236"	3047	304.6	3602.972	5310.664	-104.607	238	NA
"237"	3049	304.8	3737.462	5010.983	-108.855	239	NA
"238"	3057	305.6	3602.501	5333.435	-96.152	240	NA
"239"	3062	306.1	3593.838	5338.301	-103.474	241	NA
"240"	3067	306.6	3579.19	5346.848	-108.744	242	NA
"241"	3069	306.8	4241.885	4092.427	-88.057	243	NA
"242"	3098	309.7	-532.273	8247.732	-176.621	244	NA
"243"	3373	337.2	1195.455	8270.298	-179.898	245	NA
"244"	3074	307.3	3575.986	5364.82	-104.695	246	NA
"245"	3089	308.8	3564.363	5405.601	-96.186	247	NA
"246"	3438	343.7	-1947.442	-1693.88	35.841	248	NA
"247"	3093	309.2	4228.552	4120.008	-81.133	249	NA
"248"	3099	309.8	3552.103	5422.981	-106.515	250	NA
"249"	3099	309.8	4226.561	4129.52	-80.773	251	NA
"250"	3104	310.3	3547.779	5432.224	-106.901	252	NA
"251"	3335	333.4	3376.588	5964.379	-121.083	253	NA
"252"	3114	311.3	3544.803	5454.942	-96.947	254	NA
"253"	3135	313.4	4200.05	4175.507	-84.069	255	NA
"254"	3148	314.7	-452.191	8244.583	-175.436	256	NA
"255"	3147	314.6	4194.47	4190.864	-83.807	257	NA
"256"	6006	600.5	-3454.432	7070.292	-151.065	259	NA
"257"	3186	318.5	4164.377	4234.025	-84.102	260	NA
"258"	3208	320.7	-375.091	8205.901	-172.032	261	NA
"259"	3213	321.2	4141.003	4263.912	-84.637	262	NA
"260"	3249	324.8	4116.033	4311.997	-87.073	263	NA
"261"	3262	326.1	-274.495	8221.434	-176.509	264	NA
"262"	3262	326.1	4115.258	4326.487	-85.336	265	NA
"263"	3261	326	3689.575	5150.415	-113.501	266	NA
"264"	3273	327.2	4105.022	4338.43	-87.048	267	NA
"265"	3285	328.4	4098.105	4355.438	-87.661	268	NA
"266"	3300	329.9	-181.882	8205.072	-181.632	269	NA
"267"	3303	330.2	4084.173	4372.262	-86.072	270	NA
"268"	3305	330.4	-174.504	8208.367	-182.239	271	NA
"269"	3345	334.4	4053.679	4405.194	-89.367	272	NA
"270"	3350	334.9	-87.598	8233.671	-178.011	273	NA
"271"	3391	339	3337.197	6100.961	-121.474	274	NA
"272"	3351	335	3689.579	5150.394	-113.492	275	NA
"273"	3371	337	4038.452	4426.301	-87.472	276	NA
"274"	3413	341.2	-5.367	8234.232	-183.849	277	NA
"275"	3394	339.3	-1057.456	6737.009	-150.77	278	NA
"276"	3447	344.6	1019.207	8251.325	-179.819	279	NA
"277"	3453	345.2	3296.258	6237.917	-127.714	280	NA
"278"	3451	345	3992.381	4511.616	-90.531	281	NA
"279"	3468	346.7	962.7	8251.582	-179.725	282	NA
"280"	3508	350.7	3274.794	6308.546	-129.625	283	NA
"281"	3469	346.8	-3572.159	6864.475	-136.727	284	NA
"282"	3565	356.4	-3705.552	6703.936	-130.078	285	NA
"283"	3490	348.9	906.83	8251.902	-179.289	286	NA
"284"	3530	352.9	-4859.428	8218.484	-61.081	287	NA
"285"	3487	348.6	3992.869	4530.85	-89.568	288	NA
"286"	3496	349.5	3689.652	5150.382	-113.491	290	NA
"287"	3542	354.1	3971.687	4584.837	-91.195	291	NA
"288"	3547	354.6	-1942.597	-1700.722	32.015	292	NA
"289"	3520	351.9	3262.495	6334.892	-130.924	294	NA
"290"	3526	352.5	3203.429	1874.106	-42.978	295	NA
"291"	3542	354.1	3243.574	6405.16	-131.872	296	NA
"292"	3547	354.6	3249.007	6420.769	-120.908	297	NA
"293"	3578	357.7	3233.643	6457.52	-129.736	299	NA
"294"	4766	476.5	-1768.039	8225.38	-180.06	300	NA
"295"	3578	357.7	-3720.65	6683.477	-124.04	301	NA
"296"	3601	360	-4855.653	8245.777	-61.051	302	NA
"297"	3618	361.7	3206.4	6529.245	-132.671	304	NA
"298"	3618	361.7	-1943.637	-1700.266	34.009	305	NA
"299"	3621	362	3689.357	5151.085	-113.331	307	NA
"300"	3645	364.4	3181.532	6595.229	-134.335	308	NA
"301"	3819	381.8	-1936.699	-1692.478	27.921	309	NA
"302"	3650	364.9	3889.721	4665.831	-93.003	310	NA
"303"	3680	367.9	3145.267	6682.926	-137.969	311	NA
"304"	3689	368.8	3144.243	6701.544	-136.956	312	NA
"305"	3696	369.5	3870.707	4722.272	-94.145	313	NA
"306"	3730	372.9	3089.465	6799.232	-142.397	317	NA
"307"	3731	373	3689.688	5150.374	-113.431	318	NA
"308"	3753	375.2	3075.167	6840.511	-147.151	319	NA
"309"	3781	378	3070.604	6899.88	-140.525	320	NA
"310"	3789	378.8	3811.277	4796.358	-102.625	321	NA
"311"	3793	379.2	3058.192	6935.204	-142.133	322	NA
"312"	3817	381.6	3046.541	7006.102	-143.405	323	NA
"313"	4033	403.2	-1945.441	-1690.855	33.203	324	NA
"314"	3847	384.6	-1943.27	-1700.115	34.49	325	NA
"315"	3866	386.5	3689.338	5150.974	-113.526	326	NA
"316"	3909	390.8	3789.655	4919.906	-97.554	327	NA
"317"	3959	395.8	3754.93	4974.331	-98.561	328	NA
"318"	6041	604	1037.839	-670.546	3.105	329	NA
"319"	3991	399	3740.123	5012.129	-99.77	330	NA
"320"	4029	402.8	3729.328	5054.2	-99.659	331	NA
"321"	4649	464.8	-1940.845	-1701.056	32.942	332	NA
"322"	4075	407.4	3689.244	5076.573	-144.455	333	NA
"323"	4082	408.1	3689.668	5151.178	-113.133	334	NA
"324"	4104	410.3	3688.727	5150.687	-114.561	335	NA
"325"	4104	410.3	3690.922	5146.919	-117.202	336	NA
"326"	9547	954.6	3689.393	5148.293	-114.685	337	NA
"327"	4121	412	3674.147	5164.204	-100.925	338	NA
"328"	4130	412.9	3669.449	5177.243	-101.294	339	NA
"329"	4138	413.7	2501.204	7703.763	-167.096	340	NA
"330"	4156	415.5	2468.414	7736.562	-172.163	341	NA
"331"	4171	417	3642.015	5216.034	-102.157	342	NA
"332"	4233	423.2	3614.993	5271.112	-105.074	343	NA
"333"	4238	423.7	2294.467	7901.154	-175.398	344	NA
"334"	4273	427.2	2231.687	7962.096	-174.512	345	NA
"335"	4321	432	2140.714	7994.871	-169.627	346	NA
"336"	4306	430.5	3566.395	5365.533	-106.707	347	NA
"337"	4328	432.7	3559.667	5392.696	-105.664	348	NA
"338"	4350	434.9	2112.753	8029.524	-176.803	349	NA
"339"	4350	434.9	3545.39	5422.983	-105.86	350	NA
"340"	4391	439	3518.543	5471.643	-106.368	351	NA
"341"	4428	442.7	3201.188	1871.451	-46.124	352	NA
"342"	4419	441.8	1952.871	8140.885	-175.727	353	NA
"343"	4462	446.1	3473.62	5582.948	-110.15	354	NA
"344"	4652	465.1	3195.649	1878.185	-39.581	355	NA
"345"	4466	446.5	1810.222	8204.256	-179.989	356	NA
"346"	4478	447.7	3466.274	5613.196	-111.534	357	NA
"347"	4501	450	1721.031	8232.295	-178.56	358	NA
"348"	4574	457.3	1545.566	8267.144	-178.806	359	NA
"349"	4599	459.8	3407.981	5775.18	-115.051	360	NA
"350"	4626	462.5	1380.733	8267.048	-181.559	361	NA
"351"	8422	842.1	-1627.785	-1889.122	39.335	362	NA
"352"	4683	468.2	1222.181	8249.062	-181.396	363	NA
"353"	4694	469.3	3365.056	5920.414	-117.727	364	NA
"354"	4713	471.2	3164.826	1893.837	-38.818	365	NA
"355"	4722	472.1	1103.815	8248.241	-180.126	366	NA
"356"	4736	473.5	3353.902	5992.484	-120.551	367	NA
"357"	4963	496.2	3166.877	1903.975	-47.207	368	NA
"358"	4765	476.4	3348.354	6033.428	-120.621	369	NA
"359"	4761	476	1018.231	8249.392	-180.508	370	NA
"360"	4791	479	934.546	8225.629	-178.264	371	NA
"361"	4840	483.9	830.033	8241.102	-180.165	372	NA
"362"	4883	488.2	686.902	8227.389	-179.431	373	NA
"363"	4869	486.8	3313.22	6156.005	-124.878	374	NA
"364"	4930	492.9	-1833.683	8235.909	-181.551	375	NA
"365"	4895	489.4	3308.723	6191.515	-125.733	376	NA
"366"	4915	491.4	596.648	8220.962	-178.998	377	NA
"367"	5025	502.4	4363.705	2519.164	-54.899	378	NA
"368"	4952	495.1	487.281	8212.083	-180.273	379	NA
"369"	5043	504.2	-2016.529	8261.213	-180.634	380	NA
"370"	11438	1143.7	4397.54	3775.029	-85.382	381	NA
"371"	4987	498.6	3174.446	1897.094	-40.259	382	NA
"372"	5008	500.7	410.278	8199.542	-182.152	383	NA
"373"	5001	500	-3420.472	7166.319	-153.362	384	NA
"374"	5030	502.9	3227.304	1967.051	-182.766	385	NA
"375"	5030	502.9	3187.161	1930.2	-42.317	386	NA
"376"	5669	566.8	3209.508	1879.271	-39.552	387	NA
"377"	5107	510.6	4364.855	2530.214	-48.796	388	NA
"378"	5074	507.3	3228.122	6420.617	-143.635	389	NA
"379"	5083	508.2	309.216	8204.485	-179.463	390	NA
"380"	5101	510	-2017.985	8285.255	-175.408	391	NA
"381"	5094	509.3	4365.212	2513.408	-53.427	392	NA
"382"	5138	513.7	246.223	8223.695	-183.157	393	NA
"383"	5317	531.6	-2360.356	8140.589	-176.115	394	NA
"384"	6282	628.1	218.004	8220.553	-177.02	395	NA
"385"	5193	519.2	3199.085	6534.502	-133.136	396	NA
"386"	5230	522.9	4368.193	2533.231	-57.546	397	NA
"387"	5941	594	4394.897	3747.362	-81.117	398	NA
"388"	5270	526.9	-3532.713	6947.495	-149.097	399	NA
"389"	5303	530.2	-3533.081	6931.534	-148.677	400	NA
"390"	5355	535.4	-2424.371	8148.356	-171.48	401	NA
"391"	5355	535.4	4530.586	2488.38	-60.409	403	NA
"392"	5377	537.6	1089.565	-533.009	9.96	404	NA
"393"	5408	540.7	-2482.539	8089.35	-172.457	406	NA
"394"	5402	540.1	3115.829	6811.612	-138.979	407	NA
"395"	5392	539.1	3107.628	6809.469	-154.574	408	NA
"396"	5402	540.1	1089.562	-533.014	9.956	409	NA
"397"	5412	541.1	1089.57	-532.964	9.868	410	NA
"398"	5431	543	-3585.377	6843.289	-139.75	411	NA
"399"	5437	543.6	1089.544	-533.027	9.947	412	NA
"400"	5473	547.2	-3526.46	6932.763	-149.886	413	NA
"401"	5499	549.8	-3659.755	6742.165	-130.858	414	NA
"402"	5574	557.3	-2197.507	8203.098	-177.246	415	NA
"403"	6082	608.1	1089.225	-532.738	9.998	416	NA
"404"	5587	558.6	1089.527	-533.053	9.931	417	NA
"405"	5612	561.1	1089.293	-533.881	9.659	418	NA
"406"	5606	560.5	-2119.169	8211.529	-163.442	419	NA
"407"	5677	567.6	1089.576	-533.042	9.911	420	NA
"408"	5676	567.5	3214.838	1880.682	-31.216	421	NA
"409"	5761	576	3241.976	1912.71	-34.514	422	NA
"410"	5748	574.7	-3739.906	6657.748	-131.727	423	NA
"411"	5797	579.6	3241.556	1913.122	-34.843	424	NA
"412"	5815	581.4	3235.297	1914.693	-33.372	425	NA
"413"	5855	585.4	3209.201	1929.519	-35.199	426	NA
"414"	5862	586.1	1089.163	-533.531	9.515	427	NA
"415"	5874	587.3	3178.87	1929.614	-44.315	428	NA
"416"	5913	591.2	4420.471	3710.184	-82.663	429	NA
"417"	5922	592.1	1089.308	-532.721	9.928	430	NA
"418"	5947	594.6	1089.243	-532.724	10.024	431	NA
"419"	5944	594.3	3140.259	1972.038	-30.967	432	NA
"420"	5946	594.5	4388.812	3756.662	-82.486	433	NA
"421"	6017	601.6	4352.547	3877.853	-81.495	434	NA
"422"	5977	597.6	-1336.48	8256.537	-170.187	435	NA
"423"	5962	596.1	1089.339	-532.779	9.603	436	NA
"424"	5968	596.7	3131.83	1991.744	-32.209	437	NA
"425"	7523	752.2	-1062.7	2168.469	-35.93	438	NA
"426"	5988	598.7	2708.077	7461.855	-164.958	439	NA
"427"	6012	601.1	-3849.884	6594.611	-129.068	440	NA
"428"	6022	602.1	4349.435	3885.266	-80.755	441	NA
"429"	6032	603.1	4342.478	3905.872	-80.397	442	NA
"430"	6037	603.6	4336.663	3917.142	-82.014	443	NA
"431"	6523	652.2	-3525.159	6932.808	-152.462	444	NA
"432"	6042	604.1	4330.55	3926.57	-87.913	445	NA
"433"	6084	608.3	1094.872	-570.633	21.874	446	NA
"434"	6111	611	4270.905	4059.994	-90.122	447	NA
"435"	6058	605.7	-3824.416	6607.175	-128.321	448	NA
"436"	26008	2600.7	1071.59	-540.715	10.632	449	NA
"437"	16587	1658.6	4034.254	2003.922	-50.398	450	NA
"438"	6179	617.8	4201.899	4192.964	-83.093	451	NA
"439"	6148	614.7	-2348.212	-1211.422	28.522	452	NA
"440"	6141	614	1147.086	-468.878	16.04	453	NA
"441"	15827	1582.6	-1946.745	-1727.982	42.27	454	NA
"442"	6181	618	1192.23	-375.316	14.351	455	NA
"443"	6268	626.7	4092.833	4350.753	-90.04	456	NA
"444"	6216	621.5	-1000.781	8252.565	-177.229	457	NA
"445"	6273	627.2	4082.982	4364.375	-87.215	458	NA
"446"	6285	628.4	4067.913	4379.899	-93.643	459	NA
"447"	6290	628.9	4063.187	4398.648	-93.341	460	NA
"448"	6462	646.1	3934.448	4670.855	-100.762	461	NA
"449"	6374	637.3	194.444	8218.312	-182.451	462	NA
"450"	6323	632.2	4068.65	4438.209	-88.951	463	NA
"451"	6379	637.8	193.218	8222.1	-176.594	464	NA
"452"	18974	1897.3	319.867	8217.9	-183.686	465	NA
"453"	6447	644.6	3946.098	4647.883	-96.889	467	NA
"454"	6554	655.3	3830.192	4838.063	-100.01	468	NA
"455"	6858	685.7	-474.592	-1992.653	36.658	470	NA
"456"	6510	650.9	3879.025	4760.764	-102.213	471	NA
"457"	6547	654.6	-3532.797	6930.186	-151.99	472	NA
"458"	6569	656.8	3817.664	4869.77	-101.346	473	NA
"459"	6563	656.2	-373.942	8221.424	-176.764	475	NA
"460"	6599	659.8	3793.915	4918.765	-102.881	476	NA
"461"	6624	662.3	3768.005	4967.533	-106.627	477	NA
"462"	6629	662.8	3766.1	4969.944	-105.395	478	NA
"463"	6637	663.6	3764.595	4978.93	-103.486	479	NA
"464"	6657	665.6	3739.946	5022.163	-107.675	480	NA
"465"	6657	665.6	3743.342	5015.561	-109.063	481	NA
"466"	6834	683.3	-3764.294	6650.519	-125.551	482	NA
"467"	6678	667.7	3721.827	5061.609	-111.052	483	NA
"468"	6662	666.1	3738.997	5027.273	-109.286	484	NA
"469"	6842	684.1	3560.123	5387.041	-111.858	485	NA
"470"	6774	677.3	3622.054	5242.923	-109.55	486	NA
"471"	6784	678.3	3616.117	5262.757	-110.674	487	NA
"472"	6794	679.3	3606.324	5284.947	-110.501	488	NA
"473"	6819	681.8	3584.084	5333.982	-110.715	489	NA
"474"	7153	715.2	2791.49	2026.388	-47.654	490	NA
"475"	11672	1167.1	-3472.061	7049.818	-149.605	491	NA
"476"	6850	684.9	3556.727	5400.867	-112.78	492	NA
"477"	6867	686.6	1925.026	8153.967	-177.055	493	NA
"478"	6863	686.2	3542.563	5427.84	-111.031	494	NA
"479"	7318	731.7	705.409	-1222.314	30.724	495	NA
"480"	6872	687.1	3538.317	5442.292	-111.783	496	NA
"481"	6878	687.7	-3869.463	6581.798	-128.572	497	NA
"482"	7160	715.9	1568.278	8246.433	-178.902	498	NA
"483"	7206	720.5	688.014	8240.632	-180.433	499	NA
"484"	13931	1393	-798.476	-2025.428	39.96	501	NA
"485"	7335	733.4	725.895	-1174.288	25.507	502	NA
"486"	7395	739.4	828.973	-1005.966	22.393	503	NA
"487"	7391	739	1012.194	8250.259	-179.998	504	NA
"488"	7440	743.9	897.619	-878.186	27.356	505	NA
"489"	7464	746.3	936.198	-808.125	17.869	506	NA
"490"	7476	747.5	1161.071	8277.227	-180.041	507	NA
"491"	7504	750.3	1006.328	-696.062	16.148	508	NA
"492"	7512	751.1	1194.97	8258.697	-172.998	509	NA
"493"	7628	762.7	1196.774	-357.092	7.515	510	NA
"494"	7526	752.5	1102.203	8228.24	-294.24	511	NA
"495"	7579	757.8	-1056.826	2185.915	-44.88	512	NA
"496"	7608	760.7	-1051.048	2182.506	-38.218	514	NA
"497"	7636	763.5	1203.822	-332.269	3.444	515	NA
"498"	8003	800.2	-1644.014	-1877.022	43.899	516	NA
"499"	7718	771.7	-1050.196	2201.74	-44.741	517	NA
"500"	7727	772.6	1346.215	-74.919	-3.922	518	NA
"501"	7737	773.6	1359.92	-33.13	33.284	519	NA
"502"	7765	776.4	-1057.088	2197.539	-38.926	520	NA
"503"	7819	781.8	1516.459	188.051	1.566	521	NA
"504"	8295	829.4	-1152.327	2097.536	-35.499	522	NA
"505"	8167	816.6	2341.461	916.904	-2.384	524	NA
"506"	7981	798	462.805	8208.685	-180.124	527	NA
"507"	8757	875.6	4456.473	3605.764	-68.165	528	NA
"508"	26008	2600.7	-1564.618	-1953.784	39.552	529	NA
"509"	8072	807.1	349.118	8210.622	-176.794	530	NA
"510"	8484	848.3	3197.907	1364.552	-24.696	531	NA
"511"	8196	819.5	218.562	8212.437	-185.497	532	NA
"512"	8228	822.7	160.533	8229.421	-179.586	533	NA
"513"	8233	823.2	2616.908	7823.726	-161.466	534	NA
"514"	8247	824.6	2646.092	7798.459	-161.335	535	NA
"515"	8261	826	121.916	8227.262	-177.688	536	NA
"516"	8287	828.6	2720.769	7714.697	-160.845	537	NA
"517"	8297	829.6	68.911	8221.723	-179.405	538	NA
"518"	8336	833.5	-1151.044	2102.58	-38.396	539	NA
"519"	8310	830.9	2714.287	7709.493	-164.967	540	NA
"520"	8324	832.3	2720.708	7699.733	-158.983	541	NA
"521"	8326	832.5	22.043	8224.725	-180.878	542	NA
"522"	8352	835.1	4530.37	2488.107	-60.909	543	NA
"523"	8710	870.9	-1461.764	2012.79	-37.566	544	NA
"524"	8388	838.7	2781.255	7636.47	-163.231	545	NA
"525"	8413	841.2	-104.702	8219.573	-177.712	546	NA
"526"	8408	840.7	-4791.579	8348.795	-55.794	547	NA
"527"	8434	843.3	2859.052	7565.078	-156.227	548	NA
"528"	8567	856.6	3036.274	7324.474	-156.866	549	NA
"529"	8829	882.8	-634.892	-2008.049	50.781	550	NA
"530"	8470	846.9	-185.548	8212.896	-177.972	551	NA
"531"	8502	850.1	-231.237	8213.577	-182.327	552	NA
"532"	8851	885	4039.413	2002.59	-15.611	553	NA
"533"	8539	853.8	-273.571	8204.42	-182.987	554	NA
"534"	8571	857	-314.818	8207.053	-182.06	555	NA
"535"	8617	861.6	3087.381	7234.965	-154.905	557	NA
"536"	8641	864	3128.75	7192.609	-148.268	558	NA
"537"	8633	863.2	-390.385	8213.024	-176.39	559	NA
"538"	8666	866.5	-429.367	8216.194	-176.765	560	NA
"539"	8752	875.1	3217.286	7021.105	-145.278	561	NA
"540"	8731	873	-1498.53	2009.687	-49.451	563	NA
"541"	8866	886.5	-1494.75	2006.497	-37.788	564	NA
"542"	8763	876.2	-527.094	8214.039	-182.087	565	NA
"543"	8813	881.2	4414.801	3726.453	-82.656	567	NA
"544"	8820	881.9	3255.95	6940.388	-150.167	568	NA
"545"	8807	880.6	-571.854	8229.905	-181.318	570	NA
"546"	8882	888.1	4369.472	3872.254	-84.762	571	NA
"547"	8844	884.3	-610.172	8214.378	-181.089	572	NA
"548"	9003	900.2	3413.454	6540.097	-144.497	573	NA
"549"	8923	892.2	-426.755	-1988.252	35.318	574	NA
"550"	8857	885.6	-626.56	8207.266	-180.86	575	NA
"551"	9114	911.3	4422.589	2664.172	-57.02	576	NA
"552"	9230	922.9	-1553.975	2016.407	-34.514	577	NA
"553"	9084	908.3	4136.617	4281.277	-88.854	578	NA
"554"	10284	1028.3	1421.077	61.352	-1.935	579	NA
"555"	9020	901.9	3439.839	6515.606	-131.431	580	NA
"556"	9043	904.2	3424.32	6506.77	-140.231	581	NA
"557"	9086	908.5	3465.15	6427.963	-138.744	583	NA
"558"	9093	909.2	-941.779	8241.826	-179.29	584	NA
"559"	9103	910.2	3484.34	6416.674	-131.189	585	NA
"560"	9158	915.7	4047.715	4433.12	-89.749	586	NA
"561"	9192	919.1	3503.459	6230.361	-136.116	587	NA
"562"	9156	915.5	4465.458	2772.071	-57.855	588	NA
"563"	9387	938.6	3833.336	4805.672	-99.316	589	NA
"564"	9190	918.9	4473.063	2803.253	-59.463	590	NA
"565"	9183	918.2	4018.517	4485.069	-92.168	591	NA
"566"	9489	948.8	4473.099	3593.283	-80.085	592	NA
"567"	9244	924.3	3533.511	6109.506	-131.633	593	NA
"568"	9207	920.6	3991.645	4535.022	-91.888	594	NA
"569"	9280	927.9	3554.132	6038.555	-122.342	595	NA
"570"	9372	937.1	-1545.256	2019.039	-42.674	596	NA
"571"	9298	929.7	-4235.635	7560.129	-47.936	597	NA
"572"	9302	930.1	-1223.307	8247.515	-179.632	598	NA
"573"	9350	934.9	3590.25	5859.725	-128.726	599	NA
"574"	9347	934.6	-1284.776	8266.654	-181.504	600	NA
"575"	9361	936	3590.052	5835.365	-124.855	601	NA
"576"	9385	938.4	-1348.068	8263.513	-181.034	603	NA
"577"	9387	938.6	3607.489	5799.096	-125.137	604	NA
"578"	9547	954.6	-1542.954	2018.522	-41.784	605	NA
"579"	9392	939.1	3833.107	4817.862	-98.544	606	NA
"580"	9406	940.5	3626.41	5746.944	-120.667	607	NA
"581"	9397	939.6	3832.788	4834.933	-100.073	608	NA
"582"	9407	940.6	3831.714	4855.547	-105.919	609	NA
"583"	9440	943.9	3788.849	4924.375	-101.163	610	NA
"584"	9445	944.4	3652.129	5653.497	-116.815	611	NA
"585"	9445	944.4	3779.648	4944.646	-106.207	612	NA
"586"	9502	950.1	3723.472	5061.065	-105.878	613	NA
"587"	9450	944.9	3655.796	5644.065	-119.68	614	NA
"588"	9457	945.6	3766.815	4972.652	-105.404	615	NA
"589"	9468	946.7	3670.864	5602.319	-111.174	616	NA
"590"	9491	949	3733.46	5036.577	-109.44	617	NA
"591"	9498	949.7	3701.214	5574.361	-103.496	618	NA
"592"	9586	958.5	4374.235	3848.838	-84.42	619	NA
"593"	9920	991.9	3714.422	5153.282	-98.445	620	NA
"594"	9524	952.3	3707.693	5587.025	-111.53	621	NA
"595"	9563	956.2	-1568.604	8264.456	-182.144	622	NA
"596"	9650	964.9	3563.233	5341.218	-110.431	624	NA
"597"	9851	985	-1539.897	2011.025	-42.124	625	NA
"598"	9579	957.8	3712.301	5491.221	-115.226	626	NA
"599"	9591	959	4377.422	3864.789	-83.969	627	NA
"600"	9602	960.1	3730.589	5496.368	-99.753	628	NA
"601"	9598	959.7	4375.787	3886.043	-85.733	629	NA
"602"	9604	960.3	4376.019	3900.317	-87.339	630	NA
"603"	9607	960.6	3721.746	5492.275	-116.807	631	NA
"604"	9716	971.5	4202.749	4188.096	-93.053	632	NA
"605"	9622	962.1	3739.174	5493.448	-107.5	633	NA
"606"	9617	961.6	4347.049	3929.132	-84.646	634	NA
"607"	9627	962.6	3743.442	5497.516	-99.831	635	NA
"608"	9634	963.3	-1667.014	8267.176	-180.923	636	NA
"609"	9638	963.7	3574.116	5315.369	-110.453	637	NA
"610"	9649	964.8	3721.776	5456.459	-113.547	638	NA
"611"	9698	969.7	3543.019	5425.374	-114.9	639	NA
"612"	9679	967.8	3736.864	5396.184	-109.29	640	NA
"613"	9683	968.2	3542.521	5392.783	-116.152	641	NA
"614"	9703	970.2	3534.212	5443.754	-110.866	642	NA
"615"	12069	1206.8	244.999	8218.86	-176.204	643	NA
"616"	9709	970.8	3533.089	5463.755	-112.223	644	NA
"617"	9709	970.8	3741.442	5389.869	-105.847	645	NA
"618"	9731	973	4190.477	4226.594	-92.216	646	NA
"619"	9729	972.8	3765.53	5349.664	-109.669	647	NA
"620"	9741	974	3782.118	5324.841	-108.713	648	NA
"621"	9744	974.3	4170.968	4252.392	-91.682	649	NA
"622"	9746	974.5	3787.349	5314.506	-112.421	650	NA
"623"	9761	976	4141.853	4303.428	-84.468	651	NA
"624"	9756	975.5	3784.002	5295.848	-113.569	652	NA
"625"	9768	976.7	4137.95	4322.019	-90.694	653	NA
"626"	9768	976.7	3799.232	5266.372	-108.503	654	NA
"627"	9779	977.8	4120.834	4346.407	-92.541	655	NA
"628"	9814	981.3	4059.271	4425.715	-91.332	656	NA
"629"	9821	982	-1910.256	8233.488	-172.631	657	NA
"630"	9810	980.9	3849.047	5162.306	-103.276	658	NA
"631"	9844	984.3	4024.369	4503.874	-95.4	659	NA
"632"	9839	983.8	3882.209	5091.641	-109.61	660	NA
"633"	9856	985.5	3908.495	5052.327	-106.345	661	NA
"634"	9871	987	3965.849	4580.99	-92.948	662	NA
"635"	10275	1027.4	-2481.783	1145.011	-13.489	663	NA
"636"	9894	989.3	3952.203	5008.538	-100.192	664	NA
"637"	9887	988.6	3962.025	4617.844	-93.085	665	NA
"638"	9899	989.8	3950.865	4647.872	-99.205	666	NA
"639"	9929	992.8	3917.919	4710.051	-93.152	667	NA
"640"	9921	992	3953.795	4956.024	-109.019	668	NA
"641"	10153	1015.2	3608.337	5306.925	-114.897	669	NA
"642"	9926	992.5	3963.784	4946.396	-105.131	670	NA
"643"	9968	996.7	3854.232	4805.379	-100.712	671	NA
"644"	9952	995.1	3991.151	4888.774	-97.772	672	NA
"645"	10001	1000	3667.25	5143.724	-108.497	674	NA
"646"	10007	1000.6	3820.805	4874.281	-99.536	675	NA
"647"	10006	1000.5	3668.655	5142.945	-99.195	676	NA
"648"	10008	1000.7	4061.469	4807.425	-93.036	677	NA
"649"	10027	1002.6	3789.82	4915.939	-99.926	678	NA
"650"	10037	1003.6	3775.318	4943.086	-102.676	679	NA
"651"	10094	1009.3	3715.447	5090.076	-104.144	680	NA
"652"	10065	1006.4	3660.621	5203.944	-108.745	681	NA
"653"	10072	1007.1	3743.064	5034.351	-115.202	682	NA
"654"	10089	1008.8	-2260.148	8177.635	-176.445	683	NA
"655"	10094	1009.3	4116.621	4701.193	-90.066	684	NA
"656"	10106	1010.5	3704.386	5100.424	-102.675	685	NA
"657"	10111	1011	3712.918	5099.161	-95.119	686	NA
"658"	10140	1013.9	4136.28	4614.788	-92.855	687	NA
"659"	10145	1014.4	4146.85	4611.624	-93.054	688	NA
"660"	10156	1015.5	3681.682	5117.272	-104.172	689	NA
"661"	16545	1654.4	-3315.697	7400.518	-157.084	690	NA
"662"	10180	1017.9	3646.868	5176.792	-109.113	691	NA
"663"	10185	1018.4	4184.57	4541.337	-91.291	692	NA
"664"	10208	1020.7	3624.416	5241.494	-106.285	693	NA
"665"	10236	1023.5	3597.098	5299.017	-117.361	694	NA
"666"	10230	1022.9	-2437.684	8100.361	-169.458	695	NA
"667"	10271	1027	3574.014	5350.531	-108.076	697	NA
"668"	10283	1028.2	4224.827	4381.235	-96.251	700	NA
"669"	10290	1028.9	3536.125	5393.479	-112.568	701	NA
"670"	10301	1030	-2525.195	1062.953	-12.658	702	NA
"671"	10306	1030.5	3524.801	5431.178	-121.828	703	NA
"672"	10355	1035.4	1416.615	74.124	11.036	704	NA
"673"	10326	1032.5	3494.075	5498.253	-113.277	705	NA
"674"	10679	1067.8	-2590.308	-487.714	19.795	706	NA
"675"	10344	1034.3	3475.236	5535.047	-109.941	707	NA
"676"	10350	1034.9	-2596.438	8060.914	-170.573	708	NA
"677"	10378	1037.7	3487.443	5625.5	-124.582	709	NA
"678"	10421	1042	1420.759	71.205	9.251	710	NA
"679"	10603	1060.2	3316.129	6171.692	-140.03	712	NA
"680"	10625	1062.4	1618.554	351.469	-1.577	713	NA
"681"	10503	1050.2	4391.343	3974.376	-79.826	714	NA
"682"	10527	1052.6	-2794.201	7928.212	-166.221	715	NA
"683"	10598	1059.7	4371.129	3809.674	-93.505	716	NA
"684"	10662	1066.1	3286.153	6294.291	-139.712	717	NA
"685"	10629	1062.8	4359.065	3814.03	-83.966	718	NA
"686"	10626	1062.5	-2891.283	7858.804	-164.377	719	NA
"687"	11512	1151.1	3220.748	1382.792	-11.349	720	NA
"688"	10651	1065	4340.22	3867.653	-83.328	721	NA
"689"	10660	1065.9	4336.841	3874.221	-82.869	722	NA
"690"	10707	1070.6	4299.875	3976.218	-85.252	723	NA
"691"	10719	1071.8	3236.09	6422.475	-141.958	724	NA
"692"	10753	1075.2	-2509.443	-845.664	19.411	725	NA
"693"	10742	1074.1	4292.24	4052.757	-83.012	726	NA
"694"	10733	1073.2	-2996.26	7770.885	-162.787	727	NA
"695"	10873	1087.2	3084.691	6854.167	-146.354	728	NA
"696"	10754	1075.3	4287.6	4071.353	-87.682	729	NA
"697"	10768	1076.7	-2481.312	-900.113	31.192	730	NA
"698"	10820	1081.9	-2371.51	-1134.275	21.377	731	NA
"699"	10843	1084.2	-2317.867	-1218.161	23.056	733	NA
"700"	10841	1084	4289.146	4094.109	-88.972	734	NA
"701"	10847	1084.6	-3098.121	7656.34	-159.74	735	NA
"702"	11045	1104.4	-1720.384	-1772.019	35.253	736	NA
"703"	10901	1090	4284.188	4081.374	-90.866	737	NA
"704"	10936	1093.5	3019.994	7034.107	-156.213	738	NA
"705"	10891	1089	4289.793	4091.283	-89.429	739	NA
"706"	10978	1097.7	2934.742	7143.215	-148.353	740	NA
"707"	10952	1095.1	4230.427	4139.349	-90.203	741	NA
"708"	10981	1098	4201.807	4204.725	-90.655	742	NA
"709"	11001	1100	2906.942	7204.781	-154.638	743	NA
"710"	10989	1098.8	4205.623	4219.626	-88.047	744	NA
"711"	11010	1100.9	4214.971	4218.082	-85.908	745	NA
"712"	11050	1104.9	2798.493	7340.398	-151.296	746	NA
"713"	11023	1102.2	-3227.771	7478.434	-156.119	747	NA
"714"	11042	1104.1	-3230.955	7464.308	-156.173	748	NA
"715"	11055	1105.4	4193.591	4255.57	-91.238	749	NA
"716"	11104	1110.3	-1618.217	-1883.968	33.097	750	NA
"717"	11081	1108	2754.406	7399.589	-159.777	751	NA
"718"	11090	1108.9	2746.279	7423.25	-157.672	754	NA
"719"	11127	1112.6	2676.094	7506.586	-168.216	755	NA
"720"	11118	1111.7	-1580.053	-1901.141	34.943	756	NA
"721"	11125	1112.4	4143.775	4291.951	-89.681	757	NA
"722"	11162	1116.1	-1365.199	-1946.565	44.157	758	NA
"723"	11132	1113.1	4136.892	4312.733	-89.985	759	NA
"724"	11174	1117.3	2605.988	7591.095	-158.594	760	NA
"725"	11142	1114.1	4128.658	4337.408	-91.118	761	NA
"726"	11151	1115	4127.535	4349.701	-93.751	762	NA
"727"	11171	1117	4117.101	4358.028	-90.185	763	NA
"728"	11223	1122.2	2544.158	7690.36	-171.009	764	NA
"729"	11219	1121.8	-1068.266	-2026.542	44.795	765	NA
"730"	11221	1122	-3335.671	7305.243	-152.039	766	NA
"731"	11224	1122.3	4081.1	4447.471	-91.004	767	NA
"732"	11238	1123.7	-984.071	-2017.83	47.51	768	NA
"733"	11282	1128.1	2426.955	7785.597	-162.878	769	NA
"734"	11279	1127.8	-830.748	-2034.031	48.374	770	NA
"735"	11251	1125	4077.528	4457.568	-88.606	771	NA
"736"	11258	1125.7	4079.425	4451.909	-97.789	772	NA
"737"	11263	1126.2	4085.505	4449.233	-85.746	773	NA
"738"	11287	1128.6	2411.376	7792.06	-162.943	774	NA
"739"	11302	1130.1	-720.297	-2016.604	42.333	775	NA
"740"	11291	1129	4465.734	3582.216	-79.613	776	NA
"741"	11518	1151.7	1814.791	8209.379	-177.162	777	NA
"742"	11375	1137.4	3939.375	4601.413	-93.572	778	NA
"743"	11353	1135.2	-483.152	-1994.758	41.807	779	NA
"744"	11405	1140.4	-247.582	-1932.51	44.099	780	NA
"745"	11388	1138.7	3926.016	4617.96	-97.744	781	NA
"746"	11407	1140.6	3902.484	4659.266	-93.845	782	NA
"747"	11412	1141.1	3901.971	4666.357	-100.695	783	NA
"748"	11487	1148.6	103.75	-1776.153	38.263	784	NA
"749"	11461	1146	3870.787	4795.279	-97.142	785	NA
"750"	11783	1178.2	4169.329	4240.722	-94.558	786	NA
"751"	11472	1147.1	3857.474	4809.622	-100.018	787	NA
"752"	11488	1148.7	3831.295	4847.283	-102.536	788	NA
"753"	11507	1150.6	174.26	-1736.034	39.766	789	NA
"754"	11516	1151.5	3801.494	4898.183	-102.067	790	NA
"755"	11524	1152.3	3800.316	4911.815	-102.174	791	NA
"756"	11568	1156.7	3229.963	1384.964	-32.353	792	NA
"757"	11575	1157.4	429.528	-1526.296	36.155	793	NA
"758"	11603	1160.2	1587.523	8271.375	-176.953	794	NA
"759"	11548	1154.7	3761.037	4959.388	-103.001	795	NA
"760"	11556	1155.5	3755.58	4974.845	-102.931	796	NA
"761"	11568	1156.7	3743.898	5001.942	-109.098	797	NA
"762"	11573	1157.2	3734.035	5019.512	-100.752	798	NA
"763"	11688	1168.7	3412.027	1479.928	-20.44	799	NA
"764"	11587	1158.6	3724.634	5050.856	-106.481	800	NA
"765"	11593	1159.2	3721.994	5066.995	-104.915	801	NA
"766"	11637	1163.6	3668.293	5170.661	-105.381	802	NA
"767"	12083	1208.2	1666.621	387.733	0.86	803	NA
"768"	11651	1165	1439.753	8278.676	-179.746	804	NA
"769"	11632	1163.1	4286.738	4048.066	-89.813	805	NA
"770"	11642	1164.1	3663.08	5184.315	-102.777	806	NA
"771"	11651	1165	3651.357	5203.106	-105.987	807	NA
"772"	11682	1168.1	3614.419	5263.696	-107.433	808	NA
"773"	11676	1167.5	3626.984	5242.313	-118.401	809	NA
"774"	11705	1170.4	1280.383	8279.934	-179.637	810	NA
"775"	11897	1189.6	-3541.467	6942.832	-151.386	811	NA
"776"	11692	1169.1	3607.264	5284.495	-117.965	812	NA
"777"	11785	1178.4	3517.801	5510.081	-111.387	813	NA
"778"	23860	2385.9	3413.968	1473.882	-26.234	814	NA
"779"	11715	1171.4	-1057.306	6736.855	-150.917	815	NA
"780"	11722	1172.1	1224.6	8272.405	-179.917	816	NA
"781"	11749	1174.8	1132.236	8255.202	-180.146	817	NA
"782"	11772	1177.1	1062.084	8252.883	-181.99	818	NA
"783"	12254	1225.3	-101.363	8248.094	-218.358	819	NA
"784"	11886	1188.5	4097.202	4359.969	-92.049	820	NA
"785"	11792	1179.1	-1057.292	6736.869	-151.023	821	NA
"786"	11798	1179.7	3502.755	5536.937	-112.311	822	NA
"787"	11965	1196.4	3360.73	5935.534	-118.696	823	NA
"788"	11846	1184.5	834.508	8246.401	-178.82	825	NA
"789"	11877	1187.6	-3523.086	6947.956	-151.929	826	NA
"790"	12003	1200.2	4014.898	4510.743	-93.487	828	NA
"791"	12032	1203.1	-3490.693	7007.267	-149.048	829	NA
"792"	11957	1195.6	-3528.39	6934.898	-157.608	830	NA
"793"	12078	1207.7	3310.307	6210.789	-138.132	831	NA
"794"	12431	1243	3733.514	5007.262	-101.995	832	NA
"795"	12025	1202.4	-3518.99	6931.374	-152.805	833	NA
"796"	12712	1271.1	-1514.478	-1942.467	43.979	834	NA
"797"	12295	1229.4	-3535.996	6939.729	-152.306	835	NA
"798"	12063	1206.2	-3527.339	6939.544	-153.922	836	NA
"799"	12085	1208.4	250.36	8222.96	-181.82	837	NA
"800"	12129	1212.8	1784.422	503.54	2.971	838	NA
"801"	12203	1220.2	3244.887	6437.552	-142.164	839	NA
"802"	12174	1217.3	-1209.495	-1978.279	50.96	840	NA
"803"	26008	2600.7	-1415.361	8225.128	-180.511	841	NA
"804"	12115	1211.4	-3541.298	6950.135	-147.219	842	NA
"805"	13138	1313.7	4471.69	3611.526	-84.167	843	NA
"806"	12180	1217.9	-1057.443	6736.889	-150.945	844	NA
"807"	12234	1223.3	-1038.687	-2015.462	46.262	845	NA
"808"	12239	1223.8	3231.562	6491.108	-147.102	846	NA
"809"	12225	1222.4	-3519.603	7003.072	-149.696	847	NA
"810"	12269	1226.8	-965.612	-2019.925	50.717	848	NA
"811"	13849	1384.8	3200.472	6534.844	-140.245	849	NA
"812"	12612	1261.1	-1180.832	8277.014	-175.313	850	NA
"813"	12287	1228.6	-1057.371	6736.898	-150.939	851	NA
"814"	12300	1229.9	-3495.03	7060.683	-155.554	852	NA
"815"	12351	1235	-3525.18	6935.598	-157.334	853	NA
"816"	12329	1232.8	-840.388	-2021.465	48.111	854	NA
"817"	12373	1237.2	-3461.319	7087.422	-157.174	855	NA
"818"	12371	1237	-738.779	-2024.374	52.36	856	NA
"819"	12389	1238.8	-3524.132	6935.048	-150.487	857	NA
"820"	12433	1243.2	-3443.001	7119.268	-152.619	858	NA
"821"	12893	1289.2	-3496.38	7053.798	-157.091	859	NA
"822"	12437	1243.6	-596.914	-2019.554	33.37	860	NA
"823"	13545	1354.4	-3414.513	7126.812	-162.601	861	NA
"824"	14876	1487.5	3742.193	5011.226	-108.707	862	NA
"825"	12542	1254.1	-395.075	-1985.749	34.273	864	NA
"826"	12567	1256.6	-330.098	-1956.505	51.492	865	NA
"827"	12597	1259.6	-276.075	-1949.2	34.876	866	NA
"828"	12791	1279	96.154	-1796.219	36.372	867	NA
"829"	12804	1280.3	-1719.181	8272.481	-174.726	868	NA
"830"	12703	1270.2	-67.336	-1872.774	39.226	870	NA
"831"	19354	1935.3	-633.884	-2023.887	47.199	871	NA
"832"	12816	1281.5	131.736	-1768.075	36.304	873	NA
"833"	12862	1286.1	-1866.96	8248.989	-175.561	874	NA
"834"	12878	1287.7	238.643	-1692.216	29.589	875	NA
"835"	12915	1291.4	-2006.295	8229.211	-181.403	876	NA
"836"	12962	1296.1	-2149.999	8200.759	-181.594	877	NA
"837"	13062	1306.1	533.679	-1439.874	40.729	878	NA
"838"	14202	1420.1	-3495.088	7054.708	-156.724	879	NA
"839"	12977	1297.6	-2196.717	8210.531	-174.966	880	NA
"840"	13016	1301.5	-2282.828	8175.465	-178.003	882	NA
"841"	13038	1303.7	-2332.904	8169.191	-173.021	883	NA
"842"	13315	1331.4	589.648	-1348	27.639	884	NA
"843"	13076	1307.5	-2404.885	8152.935	-178.304	885	NA
"844"	26008	2600.7	-2453	8154.619	-179.183	886	NA
"845"	13123	1312.2	-1057.142	6736.958	-150.467	887	NA
"846"	13242	1324.1	4294.947	4024.081	-90.243	888	NA
"847"	13277	1327.6	4231.977	4172.44	-93.263	889	NA
"848"	13285	1328.4	4196.871	4197.047	-96.555	890	NA
"849"	13309	1330.8	4148.116	4309.214	-97.287	891	NA
"850"	13460	1345.9	669.575	-1226.094	38.095	892	NA
"851"	13352	1335.1	4031.791	4475.541	-96.678	893	NA
"852"	13383	1338.2	3960.874	4609.044	-97.311	894	NA
"853"	13433	1343.2	3849.027	4813.282	-102.424	895	NA
"854"	13447	1344.6	3811.887	4873.719	-101.04	896	NA
"855"	13490	1348.9	689.132	-1192.909	28.51	897	NA
"856"	13503	1350.2	3708.724	5098.137	-111.329	898	NA
"857"	13561	1356	753.848	-1104.798	30.638	899	NA
"858"	13541	1354	3638.333	5239.998	-110.969	900	NA
"859"	13568	1356.7	3578.254	5364.034	-114.663	901	NA
"860"	13660	1365.9	872.813	-911.384	25.432	902	NA
"861"	15558	1555.7	-3415.638	7128.893	-160.026	903	NA
"862"	13600	1359.9	3507.621	5511.889	-115.963	904	NA
"863"	13622	1362.1	3483.823	5610.15	-115.665	905	NA
"864"	13642	1364.1	3435.646	5697.285	-120.549	906	NA
"865"	13675	1367.4	3428.865	5813.871	-122.932	907	NA
"866"	14066	1406.5	1325.616	-84.624	-0.096	908	NA
"867"	13730	1372.9	3345.051	6055.592	-138.123	909	NA
"868"	13785	1378.4	3267.621	6330.791	-146.919	910	NA
"869"	13804	1380.3	3239.963	6423.913	-146.497	911	NA
"870"	14646	1464.5	3223.115	6496.068	-145.147	912	NA
"871"	13974	1397.3	2975.851	7102.373	-151.168	913	NA
"872"	13912	1391.1	1189.597	-424.031	-7.448	914	NA
"873"	26008	2600.7	-3332.295	7308.168	-161.232	915	NA
"874"	14019	1401.8	2880.927	7264.953	-153.853	917	NA
"875"	14028	1402.7	2839.782	7297.393	-153.701	918	NA
"876"	14029	1402.8	-1057.466	6737.027	-150.942	919	NA
"877"	14037	1403.6	2817.666	7332.973	-159.938	920	NA
"878"	14996	1499.5	2847.534	1164.924	-27.557	921	NA
"879"	14214	1421.3	2292.032	7888.897	-169.108	922	NA
"880"	14232	1423.1	-1056.999	6736.733	-150.82	923	NA
"881"	14175	1417.4	-1057.37	6736.869	-150.931	924	NA
"882"	14248	1424.7	2266.063	7946.283	-171.865	925	NA
"883"	17730	1772.9	-3493.715	7064.768	-154.284	926	NA
"884"	14310	1430.9	2055.736	8090.697	-174.871	927	NA
"885"	14349	1434.8	1904.824	8178.509	-174.135	928	NA
"886"	14384	1438.3	1723.207	8231.108	-175.344	929	NA
"887"	14424	1442.3	1546.344	8274.04	-184.344	930	NA
"888"	14463	1446.2	1369.678	8280.389	-185.574	931	NA
"889"	14472	1447.1	-1056.85	6736.684	-150.906	932	NA
"890"	14477	1447.6	1322.417	8272.763	-182.903	933	NA
"891"	14487	1448.6	1276.996	8272.724	-182.612	934	NA
"892"	14512	1451.1	1168.604	8272.84	-183.139	935	NA
"893"	14534	1453.3	1060.646	8250.65	-185.768	936	NA
"894"	14543	1454.2	1049.334	8252.172	-184.698	937	NA
"895"	14582	1458.1	861.426	8245.192	-182.123	938	NA
"896"	15040	1503.9	-908.48	8244.95	-176.813	939	NA
"897"	14677	1467.6	3208.194	6517.157	-130.486	940	NA
"898"	14688	1468.7	3198.24	6554.226	-146.178	941	NA
"899"	14692	1469.1	-1057.317	6736.839	-150.96	942	NA
"900"	14775	1477.4	3094.594	6818.637	-151.28	943	NA
"901"	14763	1476.2	3117.536	6777.853	-151.246	944	NA
"902"	14847	1484.6	3020.626	7008.061	-155.284	945	NA
"903"	21389	2138.8	3766.631	4990.004	-109.057	946	NA
"904"	14887	1488.6	2973.614	7091.658	-157.156	947	NA
"905"	14961	1496	2859.324	7261.674	-159.4	948	NA
"906"	16298	1629.7	4448.525	3595.187	-78.815	949	NA
"907"	15056	1505.5	-969.311	8249.128	-175.97	950	NA
"908"	15309	1530.8	-2093.151	8218.304	-179.947	951	NA
"909"	15294	1529.3	-1056.952	6736.676	-150.845	952	NA
"910"	15318	1531.7	-2108.476	8224.434	-183.412	953	NA
"911"	15590	1558.9	-3116.799	7645.614	-168.43	954	NA
"912"	15465	1546.4	-1057.024	6736.716	-150.832	955	NA
"913"	15496	1549.5	1790.128	8217.537	-176.877	956	NA
"914"	15548	1554.7	1648.073	8266.444	-177.128	957	NA
"915"	16314	1631.3	-3416.611	7121.194	-167.205	958	NA
"916"	15613	1561.2	1457.015	8282.78	-178.384	959	NA
"917"	15661	1566	-3270.866	7451.465	-164.368	960	NA
"918"	15651	1565	1334.691	8269.106	-177.565	961	NA
"919"	15679	1567.8	-1056.951	6736.71	-150.931	962	NA
"920"	15696	1569.5	-3332.035	7358.742	-159.86	964	NA
"921"	15712	1571.1	-3351.812	7321.314	-162.732	965	NA
"922"	15720	1571.9	1109.695	8255.759	-179.7	966	NA
"923"	15724	1572.3	-3358.047	7304.81	-157	967	NA
"924"	15766	1576.5	-3381.217	7245.139	-156.393	968	NA
"925"	15761	1576	978.078	8250.854	-178.907	969	NA
"926"	15782	1578.1	934.485	8260.483	-179.089	970	NA
"927"	15776	1577.5	-1056.809	6736.666	-150.877	971	NA
"928"	15793	1579.2	-3399.715	7181.551	-153.749	972	NA
"929"	15811	1581	860.55	8266.255	-178.404	974	NA
"930"	15820	1581.9	-3422.089	7134.823	-131.38	975	NA
"931"	15851	1585	-3415.644	7125.033	-162.541	976	NA
"932"	15846	1584.5	-3462.506	7127.91	-156.17	977	NA
"933"	15848	1584.7	745.903	8238.517	-177.25	978	NA
"934"	15891	1589	-1839.632	-1773.606	40.095	979	NA
"935"	15866	1586.5	-3477.293	7104.276	-156.185	980	NA
"936"	15878	1587.7	654.59	8235.208	-181.2	981	NA
"937"	15915	1591.4	539.782	8220.991	-182.821	982	NA
"938"	15916	1591.5	-1805.302	-1796.947	41.238	983	NA
"939"	15944	1594.3	456.061	8227.702	-177.999	984	NA
"940"	15952	1595.1	429.439	8229.631	-177.554	985	NA
"941"	15975	1597.4	-1698.262	-1847.286	41.824	986	NA
"942"	15967	1596.6	387.132	8223.559	-183.039	987	NA
"943"	15996	1599.5	323.692	8207.553	-182.985	988	NA
"944"	15997	1599.6	-1666.113	-1877.338	44.06	989	NA
"945"	16062	1606.1	166.817	8228.9	-176.117	990	NA
"946"	16019	1601.8	-1622.02	-1887.784	37.177	991	NA
"947"	16041	1604	-1057.444	6736.899	-150.932	992	NA
"948"	16095	1609.4	-1487.151	-1925.894	40.37	993	NA
"949"	16160	1615.9	-131.946	8222.895	-177.068	994	NA
"950"	16182	1618.1	-1304.614	-1948.491	45.836	995	NA
"951"	16136	1613.5	-70.904	8227.432	-178.038	996	NA
"952"	16141	1614	-81.422	8229.359	-181.363	997	NA
"953"	16311	1631	-599.229	8247.443	-174.486	998	NA
"954"	16212	1621.1	-1243.853	-1974.079	46.371	999	NA
"955"	16243	1624.2	-1184.981	-1995.568	47.304	1000	NA
"956"	16260	1625.9	-1158.548	-1992.292	45.692	1001	NA
"957"	16477	1647.6	-755.866	-2025.673	49.053	1002	NA
"958"	16342	1634.1	4419.357	3709.336	-76.963	1003	NA
"959"	16591	1659	-3416.354	7124.161	-157.316	1004	NA
"960"	16375	1637.4	-735.433	8238.058	-174.403	1005	NA
"961"	16404	1640.3	4360.297	3874.459	-84.937	1006	NA
"962"	21753	2175.2	-9.612	-1836.092	43.222	1007	NA
"963"	16405	1640.4	-834.46	8232.409	-180.812	1008	NA
"964"	16441	1644	4313.314	3964.408	-90.207	1009	NA
"965"	16451	1645	-954.365	8249.396	-170.589	1010	NA
"966"	16457	1645.6	4305.974	3981.309	-82.461	1011	NA
"967"	16462	1646.1	4299.793	3993.722	-83.881	1012	NA
"968"	16463	1646.2	-994.431	8244.104	-180.517	1013	NA
"969"	16502	1650.1	4242.824	4098.977	-90.078	1014	NA
"970"	16562	1656.1	-1302.26	8272.397	-181.176	1015	NA
"971"	16550	1654.9	-4221.837	7589.664	-14.315	1016	NA
"972"	16717	1671.6	-318.889	-1956.808	46.88	1017	NA
"973"	16507	1650.6	4233.676	4117.46	-88.671	1018	NA
"974"	16529	1652.8	4201.802	4178.93	-88.223	1019	NA
"975"	16539	1653.8	4187.281	4208.45	-94.059	1020	NA
"976"	16580	1657.9	4133.843	4303.969	-89.912	1021	NA
"977"	16731	1673	4532.1	2559.537	-53.588	1022	NA
"978"	16605	1660.4	-1438.728	8264.866	-175.898	1023	NA
"979"	16624	1662.3	4071.232	4404.009	-90.606	1024	NA
"980"	24336	2433.5	4022.815	2004.751	-49.823	1025	NA
"981"	16614	1661.3	-1464.301	8269.865	-174.925	1026	NA
"982"	20160	2015.9	-3301.301	7399.701	-161.841	1027	NA
"983"	16639	1663.8	4045.433	4441.019	-91.84	1028	NA
"984"	16638	1663.7	-1534.874	8270.847	-178.467	1029	NA
"985"	16673	1667.2	3997.336	4514.832	-92.694	1030	NA
"986"	16689	1668.8	-1688.441	8259.808	-180.896	1031	NA
"987"	16678	1667.7	3992.245	4520.659	-95.155	1032	NA
"988"	16684	1668.3	3988.057	4531.412	-94.386	1033	NA
"989"	16694	1669.3	3972.826	4558.648	-97.005	1034	NA
"990"	16702	1670.1	3968.968	4578.43	-95.027	1035	NA
"991"	16707	1670.6	3961.962	4592.104	-99.708	1036	NA
"992"	16734	1673.3	-1841.891	8261.103	-177.034	1037	NA
"993"	16752	1675.1	3919.31	4687.389	-97.204	1038	NA
"994"	18930	1892.9	2494.283	997.208	-15.864	1039	NA
"995"	16745	1674.4	-1874.875	8253.971	-181.323	1040	NA
"996"	16824	1682.3	4530.624	2574.032	-57.971	1041	NA
"997"	16757	1675.6	3914.691	4698.095	-99.888	1042	NA
"998"	16762	1676.1	-1924.836	8249.967	-174.26	1043	NA
"999"	16944	1694.3	3697.925	5109.351	-112.03	1044	NA
"1000"	16838	1683.7	-4221.123	7595.554	-14.977	1045	NA
"1001"	16867	1686.6	-2162.588	8210.628	-174.896	1046	NA
"1002"	16967	1696.6	-2431.923	8126.624	-175.625	1047	NA
"1003"	16893	1689.2	4506.194	2604.267	-55.408	1048	NA
"1004"	16899	1689.8	3738.473	5017.028	-108.917	1049	NA
"1005"	16962	1696.1	3670.793	5140.845	-109.149	1050	NA
"1006"	17020	1701.9	3612.127	5256.925	-116.138	1051	NA
"1007"	16994	1699.3	3639.399	5208.153	-109.244	1052	NA
"1008"	17159	1715.8	-2937.157	7827.352	-167.956	1053	NA
"1009"	17009	1700.8	4536.468	2706.306	-56.934	1054	NA
"1010"	17011	1701	3624.973	5239.611	-111.538	1055	NA
"1011"	17029	1702.8	3596.51	5283.046	-115.385	1056	NA
"1012"	17034	1703.3	3592.017	5294.832	-115.234	1057	NA
"1013"	17065	1706.4	4568.824	2693.594	-201.966	1058	NA
"1014"	17064	1706.3	3553.826	5376.401	-112.774	1059	NA
"1015"	17077	1707.6	3537.204	5412.011	-109.831	1060	NA
"1016"	17095	1709.4	3524.683	5456.113	-113.075	1061	NA
"1017"	17109	1710.8	4578.604	2718.43	-237.447	1062	NA
"1018"	19379	1937.8	154.087	8229.217	-180.937	1063	NA
"1019"	17124	1712.3	4556.182	2812.523	-68.163	1064	NA
"1020"	17173	1717.2	4559.509	2862.355	-58.602	1065	NA
"1021"	17203	1720.2	-3025.784	7754.187	-166.283	1066	NA
"1022"	17206	1720.5	4563.206	2897.75	-68.219	1067	NA
"1023"	17248	1724.7	4574.537	2914.437	-70.566	1068	NA
"1024"	17227	1722.6	-3073.369	7691.283	-164.072	1069	NA
"1025"	17294	1729.3	-3215.809	7520.539	-161.419	1070	NA
"1026"	17275	1727.4	4567.759	2938.938	-70.381	1071	NA
"1027"	17318	1731.7	-3249.168	7480.603	-159.287	1073	NA
"1028"	17330	1732.9	4560.132	2992.218	-71.532	1074	NA
"1029"	17338	1733.7	-3282.212	7440.412	-160.33	1075	NA
"1030"	17364	1736.3	4561.733	3019.971	-60.366	1077	NA
"1031"	17431	1743	4570.303	3077.848	-72.937	1078	NA
"1032"	17389	1738.8	-3322.451	7385.986	-159.584	1079	NA
"1033"	17423	1742.2	-3333.949	7378.936	-158.801	1080	NA
"1034"	17474	1747.3	-3365.982	7308.985	-156.12	1081	NA
"1035"	17469	1746.8	4575.896	3113.47	-61.671	1082	NA
"1036"	17569	1756.8	-3413.141	7128.886	-158.435	1083	NA
"1037"	17506	1750.5	4587.191	3140.079	-61.444	1084	NA
"1038"	17569	1756.8	-3419.576	7183.332	-154.105	1085	NA
"1039"	17563	1756.2	4586.594	3196.272	-72.93	1086	NA
"1040"	17579	1757.8	-3420.038	7144.177	-113.274	1087	NA
"1041"	17821	1782	-3411.988	7133.649	-158.044	1088	NA
"1042"	17596	1759.5	4573.602	3230.254	-74.57	1089	NA
"1043"	17616	1761.5	-3446.307	7129.094	-152.78	1090	NA
"1044"	17611	1761	4567.728	3245.832	-74.357	1091	NA
"1045"	17657	1765.6	-3474.773	7099.786	-153.539	1092	NA
"1046"	17716	1771.5	4551.532	3325.112	-75.507	1093	NA
"1047"	17681	1768	-3480.068	7093.989	-153.241	1094	NA
"1048"	17696	1769.5	-3476.541	7084.818	-151.548	1095	NA
"1049"	23058	2305.7	-3469.921	7107.082	-152.474	1096	NA
"1050"	17735	1773.4	4545.644	3343.209	-73.289	1097	NA
"1051"	17785	1778.4	4524.68	3388.446	-74.555	1098	NA
"1052"	17834	1783.3	4501.275	3440.345	-73.957	1099	NA
"1053"	18715	1871.4	-3413.145	7131.222	-160.119	1100	NA
"1054"	17874	1787.3	-3532.48	6963.074	-151.877	1101	NA
"1055"	17907	1790.6	-3522.15	6950.035	-149.202	1102	NA
"1056"	17966	1796.5	4493.171	3529.727	-74.819	1103	NA
"1057"	18027	1802.6	4470.88	3589.604	-77.469	1104	NA
"1058"	18039	1803.8	4466.075	3602.346	-76.096	1105	NA
"1059"	18055	1805.4	4457.524	3618.961	-75.334	1106	NA
"1060"	18073	1807.2	4454.091	3637.487	-75.641	1108	NA
"1061"	18078	1807.7	-3643.557	6756.074	-132.027	1109	NA
"1062"	18145	1814.4	4432.222	3705.265	-79.871	1110	NA
"1063"	18154	1815.3	4430.176	3708.314	-80.241	1111	NA
"1064"	18177	1817.6	4417.927	3737.321	-79.333	1112	NA
"1065"	18217	1821.6	4398.235	3778.039	-80.489	1113	NA
"1066"	18229	1822.8	4395.028	3793.956	-80.173	1114	NA
"1067"	18244	1824.3	4391.974	3811.648	-81.118	1115	NA
"1068"	18260	1825.9	4385.438	3827.813	-80.474	1116	NA
"1069"	18283	1828.2	4377.933	3848.828	-82.494	1118	NA
"1070"	18355	1835.4	4346.489	3915.333	-83.649	1119	NA
"1071"	18394	1839.3	4328.824	3955.952	-86.345	1121	NA
"1072"	18460	1845.9	4292.046	4025.008	-87.929	1122	NA
"1073"	18479	1847.8	4283.139	4041.506	-85.287	1123	NA
"1074"	18497	1849.6	4267.758	4060.663	-83.793	1124	NA
"1075"	18544	1854.3	4254.425	4110.212	-88.247	1125	NA
"1076"	18552	1855.1	-1057.394	6736.958	-150.831	1126	NA
"1077"	18555	1855.4	4251.246	4122.992	-86.56	1127	NA
"1078"	18653	1865.2	4203.714	4209.834	-94.51	1128	NA
"1079"	18709	1870.8	3267.19	1429.901	-20.567	1129	NA
"1080"	22379	2237.8	3419.803	1450.548	-22.835	1130	NA
"1081"	18776	1877.5	4119.827	4318.764	-90.396	1131	NA
"1082"	19171	1917	-3415.076	7172.98	-153.671	1132	NA
"1083"	18936	1893.5	-1655.639	1920.093	-32.89	1133	NA
"1084"	19030	1902.9	-1797.711	1857.393	-27.258	1134	NA
"1085"	19063	1906.2	2725.585	1128.571	-16.522	1135	NA
"1086"	20601	2060	-3298.452	7375.085	-159.804	1136	NA
"1087"	19071	1907	-1858.027	1811.485	-28.096	1137	NA
"1088"	19143	1914.2	2882.136	1182.65	-15.388	1138	NA
"1089"	19086	1908.5	-1875.286	1800.747	-28.022	1139	NA
"1090"	19191	1919	-2008.152	1732.617	-26.142	1140	NA
"1091"	19139	1913.8	3951.702	4635.035	-91.096	1141	NA
"1092"	19175	1917.4	2929.748	1200.085	-21.703	1142	NA
"1093"	19352	1935.1	-3351.915	7269.784	-154.364	1143	NA
"1094"	19211	1921	2962.31	1228.498	-24.1	1144	NA
"1095"	19199	1919.8	3924.792	4684.752	-92.312	1145	NA
"1096"	19862	1986.1	-2047.698	1683.716	-25.753	1146	NA
"1097"	19269	1926.8	3068.7	1299.431	-23.208	1147	NA
"1098"	19306	1930.5	3873.714	4764.504	-97.794	1148	NA
"1099"	19308	1930.7	3130.764	1321.301	-26.285	1149	NA
"1100"	19353	1935.2	3218.958	1358.783	-24.487	1150	NA
"1101"	19356	1935.5	3867.823	4758.414	-96.038	1151	NA
"1102"	19397	1939.6	-3333.021	7282.705	-156.49	1152	NA
"1103"	19371	1937	3255.281	1375.809	-23.726	1153	NA
"1104"	21366	2136.5	1695.753	403.175	9.475	1154	NA
"1105"	19403	1940.2	3321.549	1412.042	-27.014	1155	NA
"1106"	19534	1953.3	229.915	8222.06	-176.69	1156	NA
"1107"	21722	2172.1	-3445.595	7088.567	-150.36	1157	NA
"1108"	19429	1942.8	3370.147	1449.6	-28.708	1158	NA
"1109"	19466	1946.5	3819.771	4849.809	-99.983	1159	NA
"1110"	19488	1948.7	3443.564	1485.518	-26.505	1160	NA
"1111"	19503	1950.2	3479.367	1498.927	-26.391	1161	NA
"1112"	19519	1951.8	3504.856	1521.46	-31.842	1162	NA
"1113"	19535	1953.4	3527.833	1543.104	-29.159	1163	NA
"1114"	19548	1954.7	3556.991	1554.326	-26.715	1164	NA
"1115"	19569	1956.8	232.211	8226.65	-180.598	1165	NA
"1116"	19592	1959.1	261.598	8207.175	-176.978	1166	NA
"1117"	19594	1959.3	3639.381	1601.666	-34.489	1167	NA
"1118"	19613	1961.2	285.767	8213.657	-175.246	1168	NA
"1119"	19630	1962.9	3696.968	1649.105	-32.489	1169	NA
"1120"	22164	2216.3	3751.307	4962.361	-103.079	1170	NA
"1121"	19663	1966.2	327.943	8227.433	-175.502	1171	NA
"1122"	19652	1965.1	3732.924	1683.484	-31.971	1172	NA
"1123"	19688	1968.7	3782.167	1738.79	-37.748	1173	NA
"1124"	21093	2109.2	-1326.016	8251.608	-178.331	1174	NA
"1125"	19706	1970.5	3805.547	1761.007	-37.548	1175	NA
"1126"	19734	1973.3	3863.528	1792.279	-39.213	1176	NA
"1127"	19769	1976.8	3923.16	1855.376	-40.505	1177	NA
"1128"	19804	1980.3	3970.751	1912.783	-48.017	1178	NA
"1129"	19838	1983.7	4028.995	1972.907	-45.098	1179	NA
"1130"	19867	1986.6	4069.799	2025.453	-50.006	1180	NA
"1131"	19879	1987.8	-2071.987	1677.232	-22.317	1181	NA
"1132"	19887	1988.6	4095.56	2061.362	-47.579	1182	NA
"1133"	19885	1988.4	-2090.151	1671.778	-22.553	1183	NA
"1134"	19899	1989.8	-2118.29	1668.213	-24.976	1184	NA
"1135"	19912	1991.1	4127.564	2104.392	-52.394	1185	NA
"1136"	19924	1992.3	4145.206	2131.05	-49.312	1186	NA
"1137"	20334	2033.3	-2521.448	1063.847	-8.928	1187	NA
"1138"	19956	1995.5	4179.676	2183.785	-50.403	1188	NA
"1139"	19976	1997.5	4204.759	2232.276	-48.38	1189	NA
"1140"	20031	2003	4265.304	2300.049	-53.437	1190	NA
"1141"	20057	2005.6	4283.609	2334.691	-51.621	1191	NA
"1142"	20169	2016.8	4373.394	2540.478	-57.562	1192	NA
"1143"	26008	2600.7	-3225.218	7409.493	-164.345	1195	NA
"1144"	20188	2018.7	4375.392	2546.102	-57.195	1196	NA
"1145"	20984	2098.3	4210.627	4129.465	-85.425	1197	NA
"1146"	20539	2053.8	-2657.493	393.36	1.055	1198	NA
"1147"	20607	2060.6	-2662.976	205.118	1.31	1200	NA
"1148"	20966	2096.5	-3446.887	7095.562	-150.56	1202	NA
"1149"	20634	2063.3	-2669.968	163.728	5.009	1203	NA
"1150"	20696	2069.5	-2668.675	-0.927	7.027	1204	NA
"1151"	20719	2071.8	-2663.851	-105.893	9.087	1205	NA
"1152"	20729	2072.8	-2659.747	-143.262	12.503	1206	NA
"1153"	20777	2077.6	-2631.662	-330.434	12.47	1207	NA
"1154"	20802	2080.1	-2611.839	-427.896	16.687	1208	NA
"1155"	20812	2081.1	4392.543	3765.6	-76.873	1209	NA
"1156"	20876	2087.5	-2561.274	-707.729	19.316	1210	NA
"1157"	20937	2093.6	-2489.234	-921.472	26.34	1211	NA
"1158"	20939	2093.8	4272.835	4043.008	-82.513	1212	NA
"1159"	21503	2150.2	-872.873	-2042.79	46.881	1213	NA
"1160"	20999	2099.8	-3456.415	7065.456	-149.664	1214	NA
"1161"	21096	2109.5	4084.435	4368.65	-87.555	1215	NA
"1162"	21142	2114.1	4023.847	4445.424	-99.706	1216	NA
"1163"	21119	2111.8	-1342.647	8269.932	-177.061	1217	NA
"1164"	21119	2111.8	4051.663	4408.31	-88.609	1218	NA
"1165"	21546	2154.5	-1814.343	8254.454	-174.205	1219	NA
"1166"	21155	2115.4	4016.993	4462.822	-100.305	1220	NA
"1167"	21477	2147.6	-3479.773	7007.513	-157.169	1222	NA
"1168"	21181	2118	3997.139	4491.42	-100.176	1223	NA
"1169"	21191	2119	3994.72	4510.407	-91.392	1224	NA
"1170"	21268	2126.7	3889.343	4647.68	-104.76	1225	NA
"1171"	21276	2127.5	3885.648	4660.428	-98.769	1226	NA
"1172"	21291	2129	3873.947	4685.349	-97.32	1227	NA
"1173"	21331	2133	3880.052	4711.112	-89.987	1228	NA
"1174"	21338	2133.7	3877.406	4708.051	-97.737	1229	NA
"1175"	21388	2138.7	3879.463	4713.041	-90.319	1230	NA
"1176"	22568	2256.7	3421.39	1487.265	-49.379	1231	NA
"1177"	21546	2154.5	3695.967	5097.98	-103.457	1232	NA
"1178"	21432	2143.1	3875.822	4712.863	-89.591	1233	NA
"1179"	21945	2194.4	3888.432	4720.171	-93.256	1234	NA
"1180"	21507	2150.6	3871.864	4705.615	-103.072	1235	NA
"1181"	21516	2151.5	-826.877	-2033.768	50.402	1236	NA
"1182"	21529	2152.8	-775.855	-2026.867	51.824	1237	NA
"1183"	21551	2155	3702.41	5109.618	-93.984	1238	NA
"1184"	21556	2155.5	3694.952	5109.965	-102.795	1239	NA
"1185"	21669	2166.8	3659.62	5192.102	-93.878	1240	NA
"1186"	21577	2157.6	-593.791	-2015.523	33.74	1241	NA
"1187"	21580	2157.9	-1057.36	6736.887	-150.849	1242	NA
"1188"	25366	2536.5	-1819.188	8258.856	-177.533	1243	NA
"1189"	21604	2160.3	-464.395	-1981.944	62.935	1244	NA
"1190"	21626	2162.5	-405.025	-1981.442	34.399	1245	NA
"1191"	21647	2164.6	3664.991	5171.154	-93.723	1246	NA
"1192"	21655	2165.4	-372.232	-1953.526	49.389	1247	NA
"1193"	21715	2171.4	-148.595	-1920.082	49.203	1248	NA
"1194"	21674	2167.3	3651.61	5189.831	-103.051	1249	NA
"1195"	21679	2167.8	3654.376	5203.029	-96.091	1250	NA
"1196"	21684	2168.3	3655.353	5204.645	-94.846	1251	NA
"1197"	21714	2171.3	3643.07	5217.111	-102.846	1252	NA
"1198"	21732	2173.1	3623.143	5227.593	-115.324	1253	NA
"1199"	21732	2173.1	-106.15	-1902.501	47.43	1254	NA
"1200"	21774	2177.3	3618.158	5263.603	-105.132	1255	NA
"1201"	21752	2175.1	-53.324	-1873.69	47.179	1256	NA
"1202"	21771	2177	-3457.265	7068.78	-151.714	1257	NA
"1203"	21761	2176	-19.563	-1825.201	45.804	1258	NA
"1204"	21764	2176.3	3622.243	5255.841	-105.864	1259	NA
"1205"	21816	2181.5	147.391	-1757.243	45.155	1260	NA
"1206"	21766	2176.5	-14.701	-1824.789	31.651	1261	NA
"1207"	21800	2179.9	-30.051	-1828.583	46.323	1262	NA
"1208"	21845	2184.4	3582.205	5321.723	-107.062	1263	NA
"1209"	21863	2186.2	-43.138	-1832.889	33.497	1264	NA
"1210"	21912	2191.1	-3540.912	6944.13	-152.687	1265	NA
"1211"	21866	2186.5	3566.347	5338.615	-119.003	1267	NA
"1212"	21868	2186.7	-48.314	-1839.917	48.234	1268	NA
"1213"	21941	2194	3527.267	5385.85	-120.277	1269	NA
"1214"	26008	2600.7	-2620.049	795.688	-9.52	1270	NA
"1215"	21942	2194.1	490.31	-1458.947	38.595	1271	NA
"1216"	21921	2192	3545.069	5370.253	-109.119	1272	NA
"1217"	21972	2197.1	-3535.668	6931.008	-152.534	1273	NA
"1218"	21969	2196.8	3517.878	5413.818	-117.594	1274	NA
"1219"	22006	2200.5	3893.013	4772.215	-103.161	1275	NA
"1220"	22020	2201.9	684.357	-1205.597	34.429	1276	NA
"1221"	21976	2197.5	3514.286	5421.673	-119.578	1277	NA
"1222"	21979	2197.8	3883.919	4745.961	-99.559	1278	NA
"1223"	22169	2216.8	3456.657	5628.01	-110.534	1279	NA
"1224"	22011	2201	3887.627	4779.31	-100.243	1280	NA
"1225"	22072	2207.1	3824.046	4848.507	-101.604	1281	NA
"1226"	22207	2220.6	-3474.207	7033.822	-147.783	1282	NA
"1227"	22050	2204.9	-3572.208	6864.419	-141.605	1283	NA
"1228"	22049	2204.8	-1057.395	6736.967	-150.854	1284	NA
"1229"	22230	2222.9	1089.508	-585.845	18.03	1285	NA
"1230"	22114	2211.3	-3616.478	6788.775	-137.03	1286	NA
"1231"	22123	2212.2	3780.521	4933.365	-108.048	1287	NA
"1232"	22137	2213.6	3760.621	4958.456	-93.216	1288	NA
"1233"	22159	2215.8	-3682.36	6720.973	-128.668	1289	NA
"1234"	24467	2446.6	3716.962	4988.25	-144.268	1290	NA
"1235"	22170	2216.9	-3701.412	6705.495	-126.767	1291	NA
"1236"	22192	2219.1	3723.916	5048.787	-106.837	1292	NA
"1237"	22379	2237.8	3401.62	5847.928	-116.337	1293	NA
"1238"	22200	2219.9	3717.079	5059.653	-103.056	1294	NA
"1239"	22242	2224.1	3684.178	5129.806	-112.962	1295	NA
"1240"	22252	2225.1	1094.247	-583.516	11.439	1296	NA
"1241"	22303	2230.2	1168.715	-375.783	16.911	1297	NA
"1242"	22272	2227.1	3661.062	5182.017	-109.157	1298	NA
"1243"	22307	2230.6	-3470.763	7039.898	-149.287	1299	NA
"1244"	22293	2229.2	3647.758	5222.186	-107.768	1300	NA
"1245"	22303	2230.2	3632.541	5236.181	-110.949	1301	NA
"1246"	22318	2231.7	3617.958	5255.933	-112.651	1302	NA
"1247"	22314	2231.3	1186.662	-333.285	20.714	1303	NA
"1248"	22338	2233.7	1228.866	-243.435	13.775	1304	NA
"1249"	22363	2236.2	3582.121	5330.681	-108.469	1305	NA
"1250"	22595	2259.4	3433.571	5750.485	-127.031	1306	NA
"1251"	26008	2600.7	-3375.422	7295.2	-161.712	1307	NA
"1252"	22408	2240.7	3433.537	1464.372	-22.511	1308	NA
"1253"	22391	2239	1352.236	-54.749	-0.458	1309	NA
"1254"	22783	2278.2	3305.089	6188.049	-133.04	1310	NA
"1255"	22398	2239.7	1367.221	-25.825	11.424	1311	NA
"1256"	22412	2241.1	1388.827	20.49	13.46	1312	NA
"1257"	22492	2249.1	3430.879	1471.051	-32.669	1313	NA
"1258"	22431	2243	1442.428	81.715	11.279	1314	NA
"1259"	22436	2243.5	3536.575	5453.091	-110.272	1315	NA
"1260"	22445	2244.4	1478.882	118.557	-0.69	1316	NA
"1261"	22468	2246.7	1524.596	211.013	10.13	1317	NA
"1262"	22492	2249.1	1590.077	280.875	3.466	1318	NA
"1263"	23675	2367.4	3492.476	1482.323	-20.182	1319	NA
"1264"	22553	2255.2	1717.752	432.131	3.77	1320	NA
"1265"	22711	2271	2146.519	780.384	8.628	1321	NA
"1266"	22590	2258.9	3437.023	1470.315	-33.655	1322	NA
"1267"	22682	2268.1	3385.421	5908.7	-132.221	1323	NA
"1268"	23813	2381.2	4382.675	3819.576	-81.722	1324	NA
"1269"	22818	2281.7	3316.042	6180.968	-141.647	1325	NA
"1270"	22782	2278.1	2374.136	933.848	-5.016	1326	NA
"1271"	22788	2278.7	3316.259	6191.592	-118.386	1327	NA
"1272"	22816	2281.5	2485.064	1004.095	-8.877	1328	NA
"1273"	22793	2279.2	3308.677	6196.519	-128.223	1329	NA
"1274"	22798	2279.7	3309.487	6198.893	-126.824	1330	NA
"1275"	22798	2279.7	3321.644	6153.583	-132.576	1331	NA
"1276"	22818	2281.7	3310.139	6221.72	-117.998	1332	NA
"1277"	23015	2301.4	3168.834	1343.796	-13.278	1333	NA
"1278"	22823	2282.2	3299.591	6222.529	-128.859	1334	NA
"1279"	22823	2282.2	3312.743	6189.583	-140.319	1335	NA
"1280"	22828	2282.7	3306.552	6231.299	-117.92	1336	NA
"1281"	22895	2289.4	3284.207	6284.552	-139.499	1337	NA
"1282"	22853	2285.2	-1056.77	6736.622	-150.854	1338	NA
"1283"	22936	2293.5	3239.14	6399.819	-143.753	1339	NA
"1284"	26008	2600.7	3294.765	6283.945	-138.03	1340	NA
"1285"	23208	2320.7	3068.772	6868.557	-145.873	1341	NA
"1286"	23023	2302.2	3203.711	1397.286	-31.94	1342	NA
"1287"	24164	2416.3	3212.533	1394.093	-27.948	1343	NA
"1288"	23113	2311.2	3498.401	1500.582	-19.687	1344	NA
"1289"	23068	2306.7	-3466.453	7107.569	-154.434	1345	NA
"1290"	23084	2308.3	-3459.791	7096.883	-153.282	1346	NA
"1291"	23427	2342.6	4318.705	2417.111	-52.781	1347	NA
"1292"	23260	2325.9	3058.362	6921.208	-145.01	1348	NA
"1293"	23323	2332.2	3029.769	7036.135	-160.871	1349	NA
"1294"	23354	2335.3	2998.934	7070.821	-162.769	1350	NA
"1295"	23355	2335.4	3494.792	1506.013	-31.916	1351	NA
"1296"	23381	2338	2958.196	7116.477	-152.434	1352	NA
"1297"	26008	2600.7	-3358.968	7333.088	-164.062	1353	NA
"1298"	23447	2344.6	2924.742	7194.704	-164.586	1354	NA
"1299"	23412	2341.1	4291.484	2365.216	-51.731	1355	NA
"1300"	23530	2352.9	4465.106	2722.646	-59.325	1356	NA
"1301"	26008	2600.7	1468.753	8281.339	-183.729	1357	NA
"1302"	23549	2354.8	4485.355	2788.245	-58.925	1358	NA
"1303"	23577	2357.6	4499.367	2892.766	-65.356	1359	NA
"1304"	23600	2359.9	4497.088	2982.413	-67.237	1360	NA
"1305"	23607	2360.6	4502.461	3005.469	-73.661	1361	NA
"1306"	23634	2363.3	4518.671	3122.036	-68.225	1362	NA
"1307"	23658	2365.7	4534.715	3189.32	-177.75	1363	NA
"1308"	23667	2366.6	4529.372	3196.415	-181.881	1364	NA
"1309"	23678	2367.7	4510.331	3278.33	-77.705	1365	NA
"1310"	23683	2368.2	4521.901	3256.243	-178.055	1366	NA
"1311"	23693	2369.2	4516.142	3317.334	-165.961	1367	NA
"1312"	23712	2371.1	4507.994	3399.584	-143.431	1368	NA
"1313"	23710	2370.9	3500.961	1516.198	-31.26	1369	NA
"1314"	23717	2371.6	4484.54	3437.83	-78.56	1370	NA
"1315"	23725	2372.4	3515.124	1528.679	-27.327	1371	NA
"1316"	23727	2372.6	4483.727	3477.792	-79.668	1372	NA
"1317"	23744	2374.3	4489.355	3530.489	-119.805	1373	NA
"1318"	23754	2375.3	4456.731	3576.596	-79.739	1374	NA
"1319"	23834	2383.3	4368.619	3866.719	-75.949	1375	NA
"1320"	23820	2381.9	4378.411	3834.772	-75.254	1376	NA
"1321"	23867	2386.6	4339.139	3935.77	-77.616	1377	NA
"1322"	23843	2384.2	4358.396	3879.616	-82.735	1378	NA
"1323"	23900	2389.9	3476.773	1494.731	-20.415	1379	NA
"1324"	23879	2387.8	4324.998	3954.212	-78.355	1380	NA
"1325"	23884	2388.3	4272.606	4031.173	-87.552	1381	NA
"1326"	23884	2388.3	4320.229	3965.058	-78.95	1382	NA
"1327"	23931	2393	4282.827	4053.942	-73.975	1383	NA
"1328"	23895	2389.4	4249.981	4077.231	-86.472	1384	NA
"1329"	23906	2390.5	4242.335	4116.787	-86.828	1385	NA
"1330"	23946	2394.5	3536.766	1528.768	-19.652	1386	NA
"1331"	23916	2391.5	3723.488	1677.477	-38.032	1387	NA
"1332"	23922	2392.1	4202.414	4165.887	-89.158	1388	NA
"1333"	23966	2396.5	3730.376	1683.485	-40.551	1389	NA
"1334"	24001	2400	4201.798	4179.671	-86.191	1390	NA
"1335"	23955	2395.4	4122.107	4287.527	-91.351	1391	NA
"1336"	24060	2405.9	3708.633	1655.307	-25.552	1392	NA
"1337"	23972	2397.1	4113.055	4329.456	-92.038	1393	NA
"1338"	24781	2478	4467.773	2688.369	-47.546	1394	NA
"1339"	24004	2400.3	4056.067	4432.276	-91.537	1395	NA
"1340"	24006	2400.5	4200.345	4198.492	-77.651	1396	NA
"1341"	24024	2402.3	4186.052	4232.378	-77.85	1397	NA
"1342"	24020	2401.9	4030.615	4477.784	-96.156	1398	NA
"1343"	24035	2403.4	4168.973	4248.051	-85.624	1399	NA
"1344"	24070	2406.9	4130.1	4305	-93.716	1400	NA
"1345"	24252	2425.1	3974.047	1894.007	-35.816	1401	NA
"1346"	24144	2414.3	4060.242	4429.92	-90.129	1402	NA
"1347"	24085	2408.4	4119.033	4334.385	-87.92	1403	NA
"1348"	24098	2409.7	4100.393	4340.782	-85.818	1404	NA
"1349"	24235	2423.4	3957.339	4592.443	-93.415	1405	NA
"1350"	24170	2416.9	3778.694	4914.017	-99.924	1406	NA
"1351"	24185	2418.4	3208.51	1392.056	-18.552	1407	NA
"1352"	26008	2600.7	3235.939	1390.099	-31.473	1408	NA
"1353"	24254	2425.3	3934.411	4617.403	-94.167	1409	NA
"1354"	24259	2425.8	3940.263	4622.832	-94.949	1410	NA
"1355"	24282	2428.1	4015.317	1937.005	-40.209	1411	NA
"1356"	24373	2437.2	3830.453	4832.351	-97.188	1412	NA
"1357"	24285	2428.4	3586.208	5328.593	-110.712	1413	NA
"1358"	24275	2427.4	3956.289	4665.644	-85.535	1414	NA
"1359"	24297	2429.6	3563.184	5374.761	-105.139	1415	NA
"1360"	24311	2431	3548.37	5419.983	-111.242	1416	NA
"1361"	24337	2433.6	3540.18	5453.638	-111.335	1417	NA
"1362"	24326	2432.5	4060.853	1992.088	-40.554	1418	NA
"1363"	26008	2600.7	4019.401	2009.57	-51.83	1419	NA
"1364"	24360	2435.9	4099.525	2035.759	-39.852	1420	NA
"1365"	24357	2435.6	3500.803	5536.923	-114.148	1421	NA
"1366"	24392	2439.1	4115.801	2086.641	-41.941	1422	NA
"1367"	24378	2437.7	3824.297	4832.941	-103.83	1423	NA
"1368"	24382	2438.1	-1056.707	6736.596	-150.829	1424	NA
"1369"	24383	2438.2	3448.147	5651.396	-117.022	1425	NA
"1370"	24383	2438.2	3815.428	4839.316	-105.118	1426	NA
"1371"	25520	2551.9	3728.946	5008.658	-103.923	1427	NA
"1372"	24400	2439.9	3428.396	5724.632	-117.457	1428	NA
"1373"	24416	2441.5	4138.836	2122.456	-44.884	1429	NA
"1374"	24420	2441.9	3410.557	5809.696	-125.725	1430	NA
"1375"	24474	2447.3	4212.102	2199.35	-44.809	1431	NA
"1376"	24432	2443.1	3397.587	5861.44	-121.636	1432	NA
"1377"	24440	2443.9	3404.33	5889.491	-131.314	1433	NA
"1378"	24458	2445.7	3368.342	5959.567	-123.912	1434	NA
"1379"	24468	2446.7	3369.148	5981.389	-134.063	1435	NA
"1380"	24559	2455.8	3642.728	5214.509	-115.269	1436	NA
"1381"	24481	2448	3355.554	6032.815	-124.687	1437	NA
"1382"	24496	2449.5	4240.969	2232.701	-46.579	1438	NA
"1383"	24504	2450.3	3336.463	6098.487	-125.558	1439	NA
"1384"	24493	2449.2	-3380.266	7294.949	-161.513	1440	NA
"1385"	24531	2453	4269.545	2285.063	-47.32	1441	NA
"1386"	24541	2454	3297.073	6226.573	-127.709	1442	NA
"1387"	24550	2454.9	4284.371	2314.066	-50.357	1443	NA
"1388"	24556	2455.5	3293.151	6289.984	-131.574	1444	NA
"1389"	24565	2456.4	3276.545	6314.583	-139.667	1445	NA
"1390"	24566	2456.5	4294.117	2339.736	-46.367	1446	NA
"1391"	24586	2458.5	3614.214	5267.04	-110.053	1447	NA
"1392"	24581	2458	3256.264	6385.925	-142.715	1448	NA
"1393"	24591	2459	4315.908	2385.389	-51.149	1449	NA
"1394"	24595	2459.4	3240.661	6437.136	-133.474	1450	NA
"1395"	24591	2459	3609.12	5281.168	-109.242	1451	NA
"1396"	24597	2459.6	4317.797	2394.574	-49.778	1452	NA
"1397"	24641	2464	3564.866	5367.838	-113.206	1453	NA
"1398"	24611	2461	3208.425	6492.548	-135.426	1454	NA
"1399"	24628	2462.7	4348.53	2443.437	-52.514	1455	NA
"1400"	24640	2463.9	3182.331	6600.357	-138.75	1456	NA
"1401"	24664	2466.3	4379.432	2489.438	-49.389	1457	NA
"1402"	24661	2466	3545.385	5406.385	-114.063	1458	NA
"1403"	24669	2466.8	3541.777	5422.507	-112.895	1459	NA
"1404"	24673	2467.2	3151.136	6673.616	-149.11	1460	NA
"1405"	24923	2492.2	3366.283	5975.151	-129.702	1461	NA
"1406"	24678	2467.7	3134.551	6693.607	-138.634	1462	NA
"1407"	24689	2468.8	4377.111	2487.279	-52.683	1463	NA
"1408"	24695	2469.4	3105.259	6767.329	-151.591	1464	NA
"1409"	24709	2470.8	3097.269	6826.837	-152.351	1465	NA
"1410"	24707	2470.6	-1056.728	6736.608	-150.85	1466	NA
"1411"	24724	2472.3	4401.02	2536.962	-51.857	1467	NA
"1412"	24730	2472.9	3091.992	6919.009	-153.905	1468	NA
"1413"	24738	2473.7	3086.12	6928.39	-144.377	1469	NA
"1414"	24740	2473.9	4406.124	2561.95	-51.732	1470	NA
"1415"	24763	2476.2	4423.676	2596.337	-55.082	1471	NA
"1416"	24778	2477.7	2994.864	7053.091	-156.877	1472	NA
"1417"	24785	2478.4	4462.161	2680.812	-57.923	1473	NA
"1418"	24790	2478.9	4460.022	2681.645	-58.383	1474	NA
"1419"	24807	2480.6	4453.42	2677.786	-53.584	1475	NA
"1420"	24823	2482.2	4483.202	2684.93	-56.637	1476	NA
"1421"	24847	2484.6	4495.299	2704.753	-56.733	1477	NA
"1422"	24840	2483.9	2895.279	7223.804	-160.437	1478	NA
"1423"	25006	2500.5	4372.322	2542.375	-57.185	1479	NA
"1424"	24870	2486.9	2806.254	7330.764	-152.57	1480	NA
"1425"	24928	2492.7	4505.757	2869.997	-71.246	1481	NA
"1426"	24919	2491.8	2689.653	7488.118	-156.579	1482	NA
"1427"	25082	2508.1	3261.501	6305.527	-135.666	1483	NA
"1428"	24939	2493.8	2652.67	7542.543	-158.07	1484	NA
"1429"	24939	2493.8	4502.655	2891.158	-68.487	1485	NA
"1430"	24972	2497.1	4517.942	2957.545	-68.942	1486	NA
"1431"	24979	2497.8	4515.661	2967.925	-69.066	1487	NA
"1432"	24992	2499.1	4522.903	2987.672	-60.823	1488	NA
"1433"	24999	2499.8	2521.413	7699.27	-161.236	1489	NA
"1434"	25010	2500.9	4524.783	3014.506	-66.46	1490	NA
"1435"	26008	2600.7	4472.329	2703.138	-59.227	1491	NA
"1436"	25032	2503.1	2431.407	7777.101	-163.375	1492	NA
"1437"	25078	2507.7	4528.836	3132.693	-68.888	1493	NA
"1438"	25096	2509.5	2236.938	7958.619	-169.768	1494	NA
"1439"	25127	2512.6	3250.159	6403.632	-138.604	1495	NA
"1440"	25168	2516.7	4510.139	3290.077	-69.948	1496	NA
"1441"	25124	2512.3	2157.152	8018.634	-170.215	1497	NA
"1442"	25193	2519.2	3181.055	6511.052	-141.307	1498	NA
"1443"	25166	2516.5	2029.088	8110.21	-170.727	1499	NA
"1444"	25180	2517.9	-1056.796	6736.682	-150.785	1500	NA
"1445"	25231	2523	4516.817	3416.438	-74.099	1501	NA
"1446"	25206	2520.5	3182.108	6520.991	-143.614	1502	NA
"1447"	25321	2532	3116.648	6761.092	-146.955	1503	NA
"1448"	25246	2524.5	1741.428	8227.297	-178.308	1504	NA
"1449"	25260	2525.9	4511.77	3470.925	-78.224	1505	NA
"1450"	25268	2526.7	1659.527	8259.857	-179.09	1506	NA
"1451"	25295	2529.4	4494.56	3528.603	-77.74	1507	NA
"1452"	25301	2530	4489.542	3537.81	-75.708	1508	NA
"1453"	25306	2530.5	-1057.442	6736.918	-150.845	1509	NA
"1454"	25318	2531.7	4482.789	3562.002	-76.952	1510	NA
"1455"	25394	2539.3	3065.554	6877.719	-150.582	1511	NA
"1456"	25337	2533.6	4476.563	3589.292	-77.371	1512	NA
"1457"	25355	2535.4	4471.881	3614.298	-78.741	1513	NA
"1458"	25361	2536	1354.915	8268.895	-181.22	1514	NA
"1459"	25366	2536.5	4475.901	3615.371	-75.313	1515	NA
"1460"	25369	2536.8	1317.602	8268.523	-179.066	1516	NA
"1461"	25376	2537.5	1290.213	8268.042	-178.775	1517	NA
"1462"	26008	2600.7	-1830.898	8269.512	-181.736	1518	NA
"1463"	26008	2600.7	2283.724	7911.637	-173.894	1519	NA
"1464"	25459	2545.8	1015.848	8259.725	-177.763	1520	NA
"1465"	25425	2542.4	4488.134	3676.908	-69.991	1521	NA
"1466"	25462	2546.1	4462.076	3744.984	-76.668	1522	NA
"1467"	25475	2547.4	946.31	8258.927	-179.632	1523	NA
"1468"	25495	2549.4	4440.979	3794.095	-79.663	1524	NA
"1469"	25505	2550.4	4433.773	3813.248	-79.692	1525	NA
"1470"	25509	2550.8	794.108	8247.531	-178.899	1526	NA
"1471"	25559	2555.8	572.396	8231.56	-184.128	1527	NA
"1472"	25522	2552.1	4429.482	3845.054	-84.545	1528	NA
"1473"	25622	2562.1	3720.898	5076.993	-112.773	1529	NA
"1474"	25531	2553	4414.75	3844.315	-76.614	1530	NA
"1475"	25576	2557.5	512.383	8211.378	-182.194	1531	NA
"1476"	25778	2577.7	-302.178	8217.447	-183.467	1532	NA
"1477"	25589	2558.8	4415.326	3876.842	-84.281	1533	NA
"1478"	25605	2560.4	4408.13	3900.56	-80.413	1534	NA
"1479"	25618	2561.7	3717.051	5083.586	-109.004	1535	NA
"1480"	25671	2567	3724.43	5086.437	-107.334	1536	NA
"1481"	25743	2574.2	4329.833	3978.841	-88.46	1537	NA
"1482"	25764	2576.3	3646.172	5209.019	-102.1	1538	NA
"1483"	25802	2580.1	-398.042	8220.429	-175.548	1539	NA
"1484"	25834	2583.3	4253.8	4124.472	-87.023	1540	NA
"1485"	25880	2587.9	-610.8	8249.458	-175.121	1541	NA
"1486"	25846	2584.5	3596.736	5322.872	-102.937	1542	NA
"1487"	25850	2584.9	4245.656	4141.334	-83.651	1543	NA
"1488"	25868	2586.7	4237.67	4172.503	-84.939	1544	NA
"1489"	25912	2591.1	-689.332	8228.612	-174.498	1545	NA
"1490"	25918	2591.7	4192.642	4233.706	-88.876	1546	NA
"1491"	25983	2598.2	-940	8230.571	-171.08	1547	NA
"1492"	25923	2592.2	4187.995	4244.312	-90.418	1548	NA
"1493"	25991	2599	-1056.696	6736.587	-150.891	1549	NA
"1494"	26008	2600.7	-1039.537	8236.92	-181.262	1550	NA
"1495"	25999	2599.8	-1057.355	6736.883	-150.908	1551	NA
"1496"	26005	2600.4	4121.275	4348.116	-88.892	1552	NA
