"frame_number"	"time_in_deciseconds"	"X"	"Y"	"Z"	"ID"	"distance"
"1"	1	0	-1886.95	-1692.629	31.945	1	0.03
"2"	1	0	-1960.659	-1708.685	33.294	2	0.05
"3"	1	0	-1630.15	-1888.047	36.835	3	0.044
"4"	1	0	1086.164	-547.868	10.423	4	0.032
"5"	1	0	4532.134	2489.049	-57.338	5	0.039
"6"	1	0	3693.482	5151.181	-113.253	6	0.068
"7"	1	0	3644.398	5133.21	-113.14	7	0.031
"8"	1	0	3209.182	1877.558	-39.758	8	0.212
"9"	1	0	4371.294	2470.667	-57.904	9	0.095
"10"	1	0	-1441.354	8283.195	-181.232	10	0.037
"11"	1	0	1048.187	-669.859	11.946	11	0.017
"12"	1	0	1448.5	2086.304	-36.589	12	0.166
"13"	1	0	742.803	2112.517	-39.007	13	0.435
"14"	1	0	-2370.312	-1171.926	22.31	14	0.274
"15"	1	0	-1057.762	6737.32	-150.365	15	0.095
"16"	1	0	1453.405	2085.522	-42.943	16	0.115
"17"	1	0	-1938.714	-1709.925	32.6	18	0.174
"18"	1	0	-1681.22	-1856.317	40.348	19	4.197
"19"	1	0	4167.595	4279.463	-88.159	20	2.243
"20"	1	0	-1416.838	2029.372	-32.145	21	3.961
"21"	1	0	4058.982	2000.443	-41.564	22	5.74
"22"	1	0	3151.285	6656.364	-136.517	23	3.193
"23"	1	0	3198.711	1398.469	-38.273	24	2.568
"24"	1	0	3204.497	1943.564	-37.95	25	2.965
"25"	1	0	2261.593	7923.147	-173.31	26	1.364
"26"	1	0	-1092.332	2021.856	-34.317	27	0.817
"27"	1	0	4034.793	1994.137	-50.58	28	2.802
"28"	1	0	3199.816	1405.364	-38.184	29	6.993
"29"	3	0.2	-2533.323	-797.825	17.412	30	0.927
"30"	5	0.4	2660.866	1086.097	-13.103	31	0.705
"31"	28	2.7	4099.335	2051.995	-40.012	32	1.457
"32"	49	4.8	2713.478	1103.278	-13.859	33	0.428
"33"	63	6.2	4088.848	4404.847	-86.644	34	3.965
"34"	79	7.8	-1057.724	6737.524	-150.048	35	0.265
"35"	120	11.9	-1057.74	6737.363	-150.189	36	0.429
"36"	170	16.9	3921.631	4672.367	-92.45	37	1.757
"37"	185	18.4	2893.732	1190.861	-13.037	38	2.268
"38"	186	18.5	-2510.829	-865.295	24.254	39	7.946
"39"	194	19.3	-1057.748	6737.391	-150.186	40	0.1
"40"	202	20.1	-2509.404	-881.789	23.715	41	1.359
"41"	203	20.2	1087.597	-543.248	12.28	42	1.039
"42"	223	22.2	1087.064	-542.086	13.122	43	0.674
"43"	227	22.6	2926.067	1197.848	-12.385	44	2.41
"44"	236	23.5	4366.786	2479.372	-55.019	45	2.584
"45"	280	27.9	2978.307	1241.943	-16.457	46	2.442
"46"	295	29.4	-2476.008	-970.588	26.303	47	2.646
"47"	301	30	3756.558	4994.32	-108.085	48	2.044
"48"	308	30.7	-2469.603	-984.875	26.641	49	0.806
"49"	322	32.1	3727.043	5051.423	-105.667	50	3.255
"50"	338	33.7	-1057.722	6737.545	-149.983	52	0.378
"51"	362	36.1	3670.213	5127.632	-71.884	53	8.926
"52"	404	40.3	-1057.63	6737.215	-150.584	54	0.144
"53"	411	41	3130.815	1319.482	-21.998	55	1.496
"54"	419	41.8	-2392.977	-1104.275	35.167	56	1.004
"55"	425	42.4	-2396.611	-1107.028	27.387	57	8.407
"56"	447	44.6	3200.42	1946.384	-45.517	58	0.175
"57"	460	45.9	3192.204	1344.194	-20.488	59	0.768
"58"	461	46	3577.874	5361.992	-108.87	60	3.286
"59"	483	48.2	3210.316	1364.43	-30.641	61	1.397
"60"	497	49.6	3200.712	1946.036	-46.072	62	0.147
"61"	521	52	-2337.748	-1194.188	20.557	63	2.093
"62"	578	57.7	-1057.574	6737.055	-150.754	64	0.038
"63"	610	60.9	-2267.757	-1295.598	42.423	65	6.091
"64"	624	62.3	-2256.496	-1311.6	42.552	66	9.006
"65"	636	63.5	-1057.621	6737.321	-150.31	67	0.111
"66"	664	66.3	3420.754	1475.076	-29.608	68	1.948
"67"	678	67.7	-1057.492	6736.961	-150.922	69	0.178
"68"	682	68.1	-2221.377	-1363.184	23.291	70	0.615
"69"	715	71.4	-1057.678	6737.311	-150.338	71	0.151
"70"	722	72.1	-2183.571	-1405.546	33.13	72	8.23
"71"	727	72.6	-2184.533	-1409.117	24.982	73	5.697
"72"	731	73	4460.43	3644.256	-80.293	74	1.193
"73"	743	74.2	3207.394	1878.992	-44.436	75	0.519
"74"	743	74.2	4453.18	3673.582	-81.608	76	2.877
"75"	743	74.2	3204.803	1943.382	-35.958	77	4.025
"76"	759	75.8	3493.444	1520.259	-25.886	78	1.252
"77"	782	78.1	4423.62	3748.237	-81.84	79	2.796
"78"	786	78.5	3201.312	1945.823	-45.725	80	0.991
"79"	792	79.1	4414.456	3772.65	-82.34	81	1.252
"80"	794	79.3	-1057.548	6736.983	-150.774	82	0.162
"81"	794	79.3	-2130.189	-1479.877	25.964	83	5.622
"82"	810	80.9	-2110.582	-1493.595	35.236	84	2.465
"83"	830	82.9	4379.197	3864.54	-82.695	85	2.271
"84"	849	84.8	-2091.026	-1533.554	37.641	86	0.949
"85"	866	86.5	-1057.448	6736.883	-150.89	87	0.398
"86"	884	88.3	3201.14	1945.531	-44.725	88	1.247
"87"	889	88.8	3632.197	1621.023	-32.253	89	6.295
"88"	894	89.3	-2078.67	-1553.878	36.753	90	1.366
"89"	907	90.6	-1057.612	6737.308	-150.234	91	0.555
"90"	915	91.4	-2062.162	-1552.952	34.834	92	0.634
"91"	928	92.7	3655.543	5117.487	-111.398	93	0.031
"92"	929	92.8	3204.265	1943.103	-36.449	94	0.183
"93"	931	93	-1057.514	6737.024	-150.787	95	0.047
"94"	953	95.2	3654.738	5117.264	-116.822	96	3.56
"95"	968	96.7	3691.182	5151.479	-113.231	97	1.264
"96"	983	98.2	3691.965	5150.606	-113.339	98	2.304
"97"	989	98.8	3651.937	5120.75	-113.984	99	2.218
"98"	1009	100.8	3653.774	5119.399	-111.981	100	0.056
"99"	1021	102	1094.17	-533.874	10.701	101	0.164
"100"	1025	102.4	3757.332	1727.819	-46.526	102	1.691
"101"	1025	102.4	3765.475	1734.096	-34.306	103	1.586
"102"	1032	103.1	4143.986	4294.371	-90.731	104	2.342
"103"	1074	107.3	3783.443	1746.091	-31.831	105	2.766
"104"	1088	108.7	4074.545	4416.953	-93.246	106	2.087
"105"	1095	109.4	3784.595	1754.615	-37.688	107	0.871
"106"	1100	109.9	-1057.624	6737.249	-150.434	108	0.218
"107"	1113	111.2	3691.845	5150.264	-112.478	109	0.362
"108"	1113	111.2	3686.521	5149.896	-121.318	110	45.151
"109"	1118	111.7	3653.72	5118.853	-110.444	111	0.405
"110"	1125	112.4	-1057.603	6737.215	-150.36	112	0.137
"111"	1129	112.8	4022.315	4503.479	-93.914	113	2.456
"112"	1140	113.9	4006.032	4527.488	-94.409	114	2.032
"113"	1165	116.4	3980.48	4578.821	-97.891	115	2.04
"114"	1170	116.9	2919.595	7159.362	-146.249	116	3.13
"115"	1179	117.8	3971.604	4608.689	-93.154	117	2.883
"116"	1191	119	2932.07	7163.579	-160.444	118	3.764
"117"	1205	120.4	3949.998	4649.862	-99.883	119	6.528
"118"	1218	121.7	3930.315	4682.82	-97.831	120	2.992
"119"	1248	124.7	3891.207	4752.998	-100.046	121	1.527
"120"	1293	129.2	3827.461	4846.161	-98.386	122	0.209
"121"	1296	129.5	3691.401	5150.847	-113.247	123	1.308
"122"	1315	131.4	3800.357	4890.149	-102.034	124	2.727
"123"	1325	132.4	3686.876	5149.895	-121.119	125	44.005
"124"	1334	133.3	3686.662	5149.865	-121.474	126	43.863
"125"	1336	133.5	3773.014	4920.217	-102.639	127	1.514
"126"	1338	133.7	3688.927	5154.622	-109.184	128	48.723
"127"	1348	134.7	3691.823	5150.477	-113.421	129	0.118
"128"	1363	136.2	3739.301	4977.196	-102.937	130	5.188
"129"	1376	137.5	3736.263	5013.021	-100.666	131	1.309
"130"	1386	138.5	3730.566	5038.049	-100.528	132	7.795
"131"	1391	139	3731.666	5044.995	-110.289	133	9.774
"132"	1411	141	3708.996	5100.374	-125.848	134	0.688
"133"	1452	145.1	3678.827	5155.916	-102.436	135	34.344
"134"	1457	145.6	3673.417	5163.962	-99.7	136	5.561
"135"	1459	145.8	3649.188	5133.542	-101.618	137	1.718
"136"	1497	149.6	3621.878	5253.273	-110.153	138	2.44
"137"	1502	150.1	-1057.415	6736.953	-150.928	139	0.194
"138"	1537	153.6	3579.108	5337.149	-119.193	140	11.026
"139"	1563	156.2	-1057.459	6736.969	-150.773	141	0.12
"140"	1565	156.4	3540.694	5403.372	-119.074	142	11.5
"141"	1595	159.4	3690.928	5150.489	-107.652	143	27.939
"142"	1598	159.7	4251.918	2283.959	-50.335	144	1.453
"143"	1603	160.2	3680.16	5172.933	-101.906	145	0.575
"144"	1615	161.4	3681.972	5175.322	-102.038	146	3.292
"145"	1618	161.7	3690.972	5150.493	-107.749	147	26.555
"146"	1621	162	3691.45	5150.754	-113.204	148	26.893
"147"	1624	162.3	3691.423	5150.8	-112.89	149	26.415
"148"	1625	162.4	4267.168	2321.492	-50.51	150	1.201
"149"	1627	162.6	3691.503	5150.779	-113.553	151	27.833
"150"	1634	163.3	3691.481	5150.806	-113.099	152	32.819
"151"	1637	163.6	3691.513	5150.783	-113.146	153	37.65
"152"	1681	168	4305.564	2390.986	-53.856	154	0.723
"153"	1682	168.1	-1057.647	6737.301	-150.43	155	0.521
"154"	1709	170.8	4320.625	2435.721	-57.801	156	0.187
"155"	1789	178.8	-1057.54	6737.16	-150.365	157	0.096
"156"	1829	182.8	4385.614	2546.075	-54.54	158	2.204
"157"	1887	188.6	4410.681	2600.057	-56.929	159	0.96
"158"	1932	193.1	3297.058	6207.531	-130.712	160	6.891
"159"	1982	198.1	4457.733	2688.19	-58.042	161	1.291
"160"	2007	200.6	4469.813	2723.426	-56.296	162	2.339
"161"	2031	203	4472.567	2755.117	-58.228	163	1.5
"162"	2102	210.1	4494.227	2849.29	-57.632	164	2.841
"163"	2124	212.3	4499.224	2881.167	-59.805	165	2.189
"164"	2228	222.7	4510.086	2999.97	-63.987	166	1.386
"165"	2237	223.6	1092.784	-534.375	10.016	167	0.204
"166"	2277	227.6	4508.929	3072.763	-62.52	168	2.228
"167"	2291	229	3693.748	5147.317	-111.617	169	3.059
"168"	2302	230.1	3686.711	5148.993	-121.495	170	0.169
"169"	2306	230.5	3686.603	5148.998	-121.647	171	0.167
"170"	2329	232.8	4502.069	3150.841	-67.066	172	0.435
"171"	2342	234.1	4505.96	3164.943	-63.292	173	3.046
"172"	2365	236.4	4505.638	3203.391	-65.762	174	2.01
"173"	2396	239.5	4506.123	3248.154	-59.334	175	2.293
"174"	2446	244.5	4505.505	3310.664	-64.189	176	0.823
"175"	2469	246.8	4504.044	3338.566	-67.091	177	1.984
"176"	2497	249.6	2770.27	7396.321	-164.585	178	1.827
"177"	2540	253.9	4498.808	3416.399	-67.014	179	2.919
"178"	2549	254.8	2685.112	7503.019	-166.53	180	1.228
"179"	2561	256	4315.972	3988.442	-84.658	181	4.992
"180"	2567	256.6	2654.64	7532.112	-167.198	182	2.848
"181"	2592	259.1	2622.702	7578.3	-168.347	183	2.503
"182"	2605	260.4	4475.134	3508.666	-66.837	184	2.834
"183"	2644	264.3	-1057.427	6736.969	-150.88	185	0.164
"184"	2651	265	2538.3	7680.22	-172.594	186	1.84
"185"	2669	266.8	-1360.347	8243.095	-174.465	187	2.68
"186"	2683	268.2	4440.71	3614.912	-75.535	188	5.068
"187"	2693	269.2	4440.369	3629.375	-70.35	189	2.229
"188"	2717	271.6	4433.256	3661.121	-71.011	190	1.113
"189"	2722	272.1	-3563.304	6869.737	-138.071	191	0.095
"190"	2722	272.1	4432.322	3674.91	-68.299	192	3.126
"191"	2724	272.3	-1260.121	8227.556	-180.055	193	5.781
"192"	2727	272.6	4429.543	3676.587	-71.743	194	2.936
"193"	2743	274.2	4415.626	3696.4	-71.664	195	0.574
"194"	2745	274.4	2401.717	7809.091	-173.197	196	1.093
"195"	2751	275	-1057.351	6736.876	-150.981	197	0.068
"196"	2751	275	4411.127	3707.973	-73.047	198	2.394
"197"	2763	276.2	-3566.918	6862.95	-135.625	199	0.757
"198"	2763	276.2	4410.686	3721.412	-72.443	200	2.047
"199"	2775	277.4	4410.103	3740.8	-72.358	201	2.748
"200"	2784	278.3	4398.699	3754.5	-74.679	202	0.352
"201"	2811	281	4392.101	3785.135	-74.732	203	1.576
"202"	2827	282.6	4380.335	3801.348	-74.834	204	6.045
"203"	2831	283	-3585.305	6827.565	-136.211	205	2.233
"204"	2834	283.3	4376.792	3810.547	-74.846	206	0.91
"205"	2837	283.6	-1020.718	8241.192	-171.842	207	4.359
"206"	2845	284.4	4371.422	3827.032	-75.234	208	4.279
"207"	2850	284.9	-3604.454	6799.646	-136.532	209	1.711
"208"	2852	285.1	4370.653	3832.848	-75.626	210	2.072
"209"	2862	286.1	4366.71	3846.43	-75.091	211	4.78
"210"	2867	286.6	4363.861	3848.253	-74.549	212	1.198
"211"	2880	287.9	3823.141	4779.389	-111.355	213	1.803
"212"	2883	288.2	3686.417	5148.998	-121.701	214	4.233
"213"	2891	289	4365.547	3879.964	-72.25	215	4.922
"214"	2912	291.1	3678.359	5216.306	-111.987	216	1.796
"215"	2928	292.7	3684.633	5215.855	-109.956	217	0.527
"216"	2933	293.2	4327.084	3925.651	-78.974	218	5.445
"217"	2938	293.7	4324.712	3929.987	-77.857	219	1.829
"218"	2945	294.4	4318.349	3937.252	-78.894	220	1.223
"219"	2958	295.7	4313.016	3954.426	-77.552	221	2.43
"220"	2967	296.6	4305.037	3968.565	-79.475	222	0.334
"221"	2970	296.9	3839.724	4838.879	-103.716	223	4.117
"222"	2980	297.9	-3817.844	6608.827	-125.603	224	3.519
"223"	2985	298.4	3801.599	4872.237	-111.826	225	4.513
"224"	2987	298.6	4290.171	3991.057	-78.844	226	1.107
"225"	2995	299.4	4285.45	4001.339	-79.228	227	3.168
"226"	2995	299.4	3645.996	5241.42	-94.9	228	2.244
"227"	3003	300.2	4278.7	4010.467	-79.549	229	0.602
"228"	3015	301.4	3624.663	5260.239	-104.476	230	3.436
"229"	3019	301.8	3691.784	5149.835	-113.542	231	0.151
"230"	3023	302.2	4270.57	4030.999	-79.678	232	1.009
"231"	3025	302.4	3615.67	5278.549	-104.968	233	9.326
"232"	3030	302.9	3611.772	5286.922	-104.668	234	7.72
"233"	3032	303.1	3776.672	4958.718	-103.553	235	3.428
"234"	3039	303.8	3693.242	5148.653	-112	236	1.74
"235"	3043	304.2	3739.271	4985.234	-113.055	237	170.925
"236"	3045	304.4	3601.384	5309.819	-106.348	238	8.046
"237"	3047	304.6	3734.785	5006.178	-109.662	239	3.212
"238"	3050	304.9	3602.559	5314.018	-102.53	240	6.478
"239"	3060	305.9	3600.791	5341.264	-96.302	241	11.982
"240"	3065	306.4	3587.235	5343.327	-102.68	242	3.512
"241"	3067	306.6	4245.438	4089.361	-81.12	243	9.109
"242"	3069	306.8	-540.841	8226.146	-173.877	244	1.39
"243"	3071	307	1864.915	8179.965	-175.79	245	1.215
"244"	3072	307.1	3576.96	5359.026	-103.851	246	6.476
"245"	3077	307.6	3575.561	5375.433	-96.918	247	2.916
"246"	3077	307.6	-1962.155	-1698.553	42.134	248	0.478
"247"	3091	309	4231.061	4115.281	-81.89	249	3.057
"248"	3092	309.1	3563.334	5413.787	-96.623	250	8.335
"249"	3097	309.6	4228.362	4132.605	-74.473	251	5.205
"250"	3102	310.1	3558.753	5435.281	-95.785	252	3.808
"251"	3107	310.6	3545.218	5434.895	-105.012	253	1.768
"252"	3112	311.1	3546.908	5449.483	-96.317	254	8.287
"253"	3125	312.4	4206.685	4166.9	-75.882	255	5.251
"254"	3144	314.3	-452.944	8244.129	-175.659	256	1.004
"255"	3145	314.4	4196.118	4188.672	-83.029	257	6.554
"256"	3175	317.4	3540.984	5422.197	-112.53	259	6.942
"257"	3179	317.8	4166.909	4225.232	-85.267	260	3.039
"258"	3204	320.3	-378.796	8201.054	-174.58	261	5.357
"259"	3211	321	4141.279	4261.362	-85.758	262	1.797
"260"	3235	323.4	4124.468	4292.334	-85.099	263	2.706
"261"	3248	324.7	-282.802	8197.471	-181.881	264	1.833
"262"	3254	325.3	4117.909	4317.825	-86.412	265	2.335
"263"	3259	325.8	3689.584	5150.395	-113.477	266	0.045
"264"	3271	327	4108.59	4336.153	-86.136	267	0.937
"265"	3283	328.2	4098.428	4353.158	-87.161	268	3.309
"266"	3298	329.7	-188.946	8201.69	-177.287	269	3.23
"267"	3301	330	4087.145	4368.382	-86.136	270	1.855
"268"	3303	330.2	-183.658	8208.891	-174.344	271	6.878
"269"	3333	333.2	4057.811	4397.369	-89.476	272	1.26
"270"	3333	333.2	-109.109	8207.739	-180.692	273	2.278
"271"	3342	334.1	3377.372	5969.922	-120.715	274	8.205
"272"	3349	334.8	3689.598	5150.403	-113.454	275	0.014
"273"	3369	336.8	4038.38	4422.342	-87.726	276	2.238
"274"	3391	339	-18.501	8222.17	-177.082	277	5.184
"275"	3392	339.1	-1057.41	6736.95	-150.689	278	0.117
"276"	3396	339.5	1144.178	8265.783	-180.583	279	2.102
"277"	3399	339.8	3332.648	6108.06	-123.973	280	5.443
"278"	3441	344	3988.3	4504.59	-91.897	281	2.289
"279"	3456	345.5	995.227	8252.459	-180.324	282	3.64
"280"	3458	345.7	3299.558	6249.956	-118.867	283	6.258
"281"	3465	346.4	-3572.449	6868.079	-136.004	284	0.583
"282"	3481	348	-3582.411	6848.723	-137.304	285	5.849
"283"	3483	348.2	924.464	8252.03	-178.65	286	2.691
"284"	3484	348.3	-4867.371	8211.575	-60.431	287	0.15
"285"	3485	348.4	3993.36	4527.83	-89.866	288	1.267
"286"	3494	349.3	3689.684	5150.363	-113.506	290	0.053
"287"	3502	350.1	3986.43	4541.48	-90.364	291	1.73
"288"	3510	350.9	-1944.934	-1701.032	34.012	292	0.013
"289"	3517	351.6	3267.731	6325.409	-129.56	294	6.659
"290"	3523	352.2	3203.058	1873.875	-43.243	295	0.378
"291"	3523	352.2	3262.179	6341.993	-128.895	296	6.033
"292"	3545	354.4	3246.627	6410.206	-128.717	297	5.131
"293"	3560	355.9	3231.105	6436.655	-130.283	299	1.449
"294"	3561	356	752.914	8234.29	-180.641	300	5.144
"295"	3576	357.5	-3718.293	6684.56	-123.156	301	1.941
"296"	3586	358.5	-4858.001	8245.97	-61.312	302	0.307
"297"	3604	360.3	3223.532	6490.857	-123.219	304	4.321
"298"	3610	360.9	-1943.858	-1700.466	34.11	305	0.052
"299"	3619	361.8	3689.346	5151.072	-113.485	307	0.872
"300"	3638	363.7	3180.185	6581.012	-134.257	308	4.149
"301"	3646	364.5	-1943.087	-1700.653	33.45	309	0.513
"302"	3648	364.7	3890.765	4661.566	-92.686	310	2.132
"303"	3676	367.5	3150.953	6667.085	-136.81	311	6.4
"304"	3684	368.3	3153.65	6694.474	-129.692	312	1.124
"305"	3694	369.3	3869.911	4723.061	-94.88	313	0.612
"306"	3727	372.6	3093.149	6793.877	-146.436	317	1.748
"307"	3729	372.8	3690.66	5148.171	-114.074	318	0.099
"308"	3746	374.5	3085.499	6823.855	-140.22	319	3.611
"309"	3771	377	3074.384	6875.524	-141.14	320	5.659
"310"	3782	378.1	3809.158	4798.225	-102.88	321	0.868
"311"	3791	379	3058.281	6929.862	-142.569	322	3.006
"312"	3812	381.1	3049.324	6991.578	-144.079	323	1.581
"313"	3813	381.2	-1943.003	-1701.067	33.984	324	0.016
"314"	3834	383.3	-1942.984	-1701.09	34.011	325	0.011
"315"	3864	386.3	3689.182	5150.865	-113.798	326	0.253
"316"	3902	390.1	3791.134	4907.819	-98.088	327	1.007
"317"	3950	394.9	3758.412	4963.051	-98.981	328	1.425
"318"	3982	398.1	-1939.577	-1719.703	41.692	329	3.018
"319"	3983	398.2	3741.502	4997.814	-100.221	330	1.896
"320"	4009	400.8	3727.258	5029.383	-100.492	331	1.524
"321"	4031	403	-1946.135	-1688.705	35.646	332	2.231
"322"	4049	404.8	3645.789	5004.524	-199.724	333	8.836
"323"	4080	407.9	3689.723	5151.168	-112.865	334	0.868
"324"	4096	409.5	3683.27	5132.398	-101.064	335	2.055
"325"	4100	409.9	3698.318	5155.041	-100.912	336	9.625
"326"	4109	410.8	3698.306	5155.106	-100.979	337	12.042
"327"	4114	411.3	3683.622	5155.508	-99.423	338	1.015
"328"	4127	412.6	3670.1	5173.978	-101.461	339	0.257
"329"	4135	413.4	2505.18	7699.004	-166.594	340	1.759
"330"	4151	415	2479.336	7729.196	-165.584	341	0.932
"331"	4158	415.7	3638.711	5212.408	-105.981	342	3.049
"332"	4216	421.5	3613.402	5247.653	-104.908	343	2.334
"333"	4236	423.5	2298.14	7900.986	-174.41	344	1.535
"334"	4270	426.9	2233.213	7962.758	-173.279	345	1.238
"335"	4296	429.5	2183.455	8010.003	-176.646	346	0.36
"336"	4304	430.3	3569.018	5360.227	-105.888	347	2.145
"337"	4321	432	3560.183	5383.733	-106.892	348	1.016
"338"	4343	434.2	2129.29	8026.943	-175.395	349	2.608
"339"	4348	434.7	3544.793	5420.423	-106.502	350	1.417
"340"	4387	438.6	3521.601	5465.463	-107.432	351	1.531
"341"	4395	439.4	3207.241	1873.164	-39.126	352	2.539
"342"	4417	441.6	1957.868	8139.968	-176.233	353	3.944
"343"	4458	445.7	3477.605	5576.011	-110.312	354	2.634
"344"	4460	445.9	3199.129	1873.21	-40.866	355	1.928
"345"	4461	446	1827.301	8198.671	-178.976	356	4.92
"346"	4472	447.1	3471.087	5599.953	-111.687	357	2.266
"347"	4499	449.8	1721.087	8234.476	-179.841	358	0.955
"348"	4572	457.1	1551.186	8268.252	-179.556	359	3.299
"349"	4586	458.5	3410.054	5751.049	-115.15	360	1.457
"350"	4623	462.2	1381.293	8266.19	-182.173	361	3.142
"351"	4653	465.2	-1924.691	-1704.576	29.307	362	2.886
"352"	4667	466.6	1267.966	8266.486	-179.879	363	6.354
"353"	4684	468.3	3373.097	5902.361	-118.486	364	3.015
"354"	4690	468.9	3168.94	1891.959	-34.761	365	1.017
"355"	4719	471.8	1113.3	8249.432	-180.289	366	4.396
"356"	4731	473	3354.508	5977.818	-120.19	367	4.319
"357"	4746	474.5	3168.404	1900.042	-40.526	368	0.163
"358"	4756	475.5	3346.863	6017.221	-121.594	369	2.967
"359"	4757	475.6	1023.488	8251.067	-180.684	370	0.62
"360"	4785	478.4	947.994	8232.469	-177.099	371	4.281
"361"	4836	483.5	838.553	8243.541	-179.001	372	2.641
"362"	4862	486.1	756.063	8237.787	-178.588	373	5.962
"363"	4867	486.6	3313.364	6156.234	-125.557	374	0.367
"364"	4878	487.7	-1747.484	8232.755	-180.749	375	3.091
"365"	4885	488.4	3309.96	6176.9	-125.661	376	0.693
"366"	4910	490.9	611.685	8221.959	-179.512	377	3.06
"367"	4917	491.6	4374.009	2495.187	-51.395	378	4.386
"368"	4927	492.6	565.495	8219.669	-180.952	379	2.419
"369"	4933	493.2	-1839.305	8235.167	-173.513	380	2.556
"370"	4937	493.6	-1617.315	-1886.329	46.162	381	2.661
"371"	4967	496.6	3172.285	1896.597	-39.872	382	0.198
"372"	4970	496.9	436.066	8211.776	-179.287	383	1.738
"373"	4996	499.5	-3421.195	7167.056	-155.897	384	1.634
"374"	5015	501.4	3224.84	1966.936	-187.63	385	1.147
"375"	5028	502.7	3195.045	1900.391	-38.942	386	6.737
"376"	5034	503.3	3194.156	1899.809	-41.343	387	1.325
"377"	5038	503.7	4360.244	2518.457	-58.329	388	0.837
"378"	5072	507.1	3227.258	6418.994	-144.06	389	0.942
"379"	5077	507.6	319.253	8207.248	-178.183	390	1.94
"380"	5092	509.1	-2010.259	8277.541	-175.04	391	1.319
"381"	5092	509.1	4369.257	2513.127	-55.461	392	3.158
"382"	5103	510.2	279.191	8225.201	-181.007	393	0.369
"383"	5117	511.6	-2017.371	8288.688	-174.825	394	1.198
"384"	5152	515.1	236.92	8232.658	-182.696	395	3.307
"385"	5165	516.4	3188.072	6522.526	-139.515	396	6.666
"386"	5209	520.8	4367.434	2520.236	-57.287	397	0.59
"387"	5239	523.8	4369.663	2537.75	-55.072	398	1.685
"388"	5266	526.5	-3531.35	6942.913	-153.78	399	1.69
"389"	5299	529.8	-3533.252	6931.668	-149.402	400	0.529
"390"	5330	532.9	-2384.027	8150.487	-172.949	401	2.628
"391"	5353	535.2	4532.129	2489.03	-57.402	403	0.007
"392"	5360	535.9	1089.564	-533.021	9.973	404	0.882
"393"	5369	536.8	-2424.495	8147.693	-177.653	406	2.515
"394"	5390	538.9	3102.917	6816.847	-149.236	407	0.439
"395"	5390	538.9	3107.391	6810.051	-154.317	408	0.449
"396"	5400	539.9	1089.23	-533.809	9.774	409	0.858
"397"	5410	540.9	1089.534	-533.031	9.96	410	0.877
"398"	5427	542.6	-3584.752	6843.556	-140.591	411	0.352
"399"	5435	543.4	1089.576	-533.05	9.869	412	0.774
"400"	5468	546.7	-3527.793	6934.16	-148.993	413	3.642
"401"	5497	549.6	-3659.591	6741.613	-130.108	414	0.499
"402"	5526	552.5	-2219.398	8172.993	-159.982	415	1.538
"403"	5535	553.4	1089.553	-533.016	10.004	416	0.015
"404"	5585	558.4	1089.525	-533.052	9.918	417	0.869
"405"	5600	559.9	1089.268	-533.909	9.803	418	0.929
"406"	5603	560.2	-2120.204	8217.457	-162.402	419	2.844
"407"	5660	565.9	1089.382	-533.845	9.539	420	0.831
"408"	5674	567.3	3214.54	1883.242	-33.491	421	1.146
"409"	5705	570.4	3211.135	1898.387	-38.944	422	0.516
"410"	5732	573.1	-3740.512	6663.883	-128.975	423	0.472
"411"	5781	578	3248.757	1913.283	-33.679	424	2.163
"412"	5812	581.1	3235.374	1911.93	-33.324	425	1.298
"413"	5825	582.4	3225.931	1925.316	-40.698	426	0.162
"414"	5860	585.9	1089.275	-532.704	9.986	427	0.851
"415"	5867	586.6	3187.193	1921.489	-37.586	428	1.087
"416"	5911	591	4422.508	3707.609	-77.003	429	2.953
"417"	5920	591.9	1089.231	-533.592	9.338	430	0.896
"418"	5940	593.9	1089.254	-532.674	9.958	431	0.059
"419"	5942	594.1	3140.815	1971.89	-31.11	432	0.434
"420"	5944	594.3	4390.958	3753.094	-83.481	433	1.841
"421"	5949	594.8	4385.581	3762.247	-76.684	434	3.504
"422"	5955	595.4	-1366.293	8258.755	-167.947	435	0.693
"423"	5960	595.9	1089.267	-532.703	9.929	436	0.301
"424"	5965	596.4	3134.18	1988.548	-32.556	437	1.088
"425"	5978	597.7	3123.214	2010.187	-40.907	438	5.384
"426"	5983	598.2	2701.453	7467.849	-162.661	439	1.68
"427"	6007	600.6	-3848.368	6595.103	-128.677	440	0.398
"428"	6020	601.9	4351.932	3881.116	-86.853	441	2.979
"429"	6025	602.4	4348.898	3891.272	-81.026	442	2.954
"430"	6035	603.4	4338.488	3912.387	-80.796	443	4.738
"431"	6037	603.6	-3446.144	7085.751	-152.03	444	3.465
"432"	6040	603.9	4332.095	3925.5	-85.456	445	1.101
"433"	6042	604.1	1046.397	-657.968	23.418	446	1.674
"434"	6045	604.4	4326.537	3931.984	-82.382	447	5.691
"435"	6054	605.3	-3824.387	6607.204	-128.418	448	0.123
"436"	6085	608.4	1088.98	-535.359	5.585	449	0.06
"437"	6085	608.4	1084.667	-528.759	17.64	450	0.064
"438"	6114	611.3	4267.609	4065.158	-87.46	451	3.796
"439"	6119	611.8	-2394.93	-1129.471	36.091	452	3.114
"440"	6139	613.8	1138.379	-470.771	22.91	453	1.973
"441"	6154	615.3	-2330.187	-1229.748	37.719	454	2.892
"442"	6179	617.8	1184.885	-405.628	-0.317	455	15.264
"443"	6182	618.1	4192.43	4198.492	-90.631	456	0.838
"444"	6213	621.2	-1004.205	8255.518	-178.914	457	0.593
"445"	6271	627	4085.031	4360.593	-88.008	458	5.177
"446"	6283	628.2	4070.179	4378.818	-92.408	459	1.945
"447"	6288	628.7	4064.596	4386.715	-93.818	460	2.735
"448"	6293	629.2	4064.004	4402.663	-91.296	461	0.797
"449"	6312	631.1	194.996	8219.079	-184.051	462	1.587
"450"	6321	632	4069.425	4434.517	-89.017	463	1.116
"451"	6377	637.6	196.026	8222.605	-176.168	464	3.312
"452"	6402	640.1	205.135	8221.709	-182.413	465	2.752
"453"	6445	644.4	3943.318	4648.232	-94.2	467	1.565
"454"	6465	646.4	3931.254	4678.321	-96.627	468	0.173
"455"	6492	649.1	-1615.476	-1883.264	42.581	470	1.473
"456"	6508	650.7	3881.908	4755.781	-99.522	471	1.57
"457"	6534	653.3	-3529.336	6932.081	-152.528	472	1.043
"458"	6557	655.6	3830.101	4843.312	-100.292	473	1.735
"459"	6560	655.9	-375.898	8223.378	-175.953	475	0.919
"460"	6572	657.1	3816.116	4877.158	-101.831	476	4.054
"461"	6602	660.1	3794.253	4920.702	-102.031	477	1.739
"462"	6627	662.6	3765.752	4967.734	-105.627	478	1.881
"463"	6627	662.6	3769.179	4961.281	-106.78	479	1.703
"464"	6640	663.9	3762.336	4984.955	-107.742	480	0.097
"465"	6640	663.9	3758.912	4991.327	-106.818	481	0.161
"466"	6658	665.7	-3566.791	6870.856	-140.411	482	0.54
"467"	6660	665.9	3736.424	5029.304	-107.42	483	5.662
"468"	6660	665.9	3739.941	5022.748	-108.859	484	5.49
"469"	6676	667.5	3721.144	5062.45	-107.803	485	3.064
"470"	6767	676.6	3632.624	5228.804	-108.892	486	2.239
"471"	6772	677.1	3628.748	5231.655	-112.689	487	5.096
"472"	6792	679.1	3609.366	5281.872	-112.211	488	1.137
"473"	6807	680.6	3602.568	5302.425	-115.177	489	5.429
"474"	6822	682.1	3054.271	2016.099	-41.985	490	1.737
"475"	6833	683.2	3566.844	5365.109	-110.593	491	3.425
"476"	6848	684.7	3558.787	5394.213	-111.455	492	3.762
"477"	6855	685.4	1924.637	8149.484	-176.69	493	0.57
"478"	6861	686	3543.995	5422.964	-111.215	494	5.291
"479"	6868	686.7	-441.842	-1981.171	46.528	495	3.943
"480"	6870	686.9	3539.559	5439.241	-111.416	496	0.898
"481"	6876	687.5	-3865.36	6584.432	-127.769	497	1.933
"482"	7158	715.7	1569.172	8246.79	-178.063	498	0.114
"483"	7194	719.3	683.584	8229.719	-180.135	499	0.649
"484"	7296	729.5	2791.929	2028.981	-52.414	501	0.459
"485"	7323	732.2	708.279	-1211.605	23.482	502	12.587
"486"	7362	736.1	769.709	-1091.993	23.442	503	4.581
"487"	7389	738.8	1012.582	8250.117	-178.575	504	0.49
"488"	7405	740.4	846.524	-977.212	21.41	505	4.144
"489"	7456	745.5	922.644	-834.146	16.067	506	4.637
"490"	7456	745.5	1152.69	8258.261	-150.727	507	4.495
"491"	7467	746.6	935.721	-805.048	8.068	508	1.518
"492"	7492	749.1	1187.854	8267.364	-180.66	509	1.301
"493"	7509	750.8	1011.854	-681.122	12.408	510	5.362
"494"	7522	752.1	1103.406	8228.125	-282.18	511	0.506
"495"	7529	752.8	-1064.716	2176.094	-40.461	512	0.995
"496"	7602	760.1	-1050.488	2181.159	-37.616	514	2.355
"497"	7633	763.2	1197.188	-331.395	18.582	515	6.865
"498"	7637	763.6	-1900.53	-1760.399	41.914	516	1.195
"499"	7646	764.5	-1064.955	2195.275	-43.427	517	0.933
"500"	7654	765.3	1226.459	-272.281	9.315	518	1.29
"501"	7732	773.1	1351.918	-55.862	4.18	519	3.677
"502"	7740	773.9	-1055.574	2199.964	-40.861	520	2.792
"503"	7760	775.9	1391.849	26.267	1.932	521	4.811
"504"	7774	777.3	-1063.459	2196.31	-43.862	522	1.391
"505"	7841	784	1545.489	248.35	3.969	524	5.735
"506"	7976	797.5	467.983	8213.52	-178.693	527	3.802
"507"	7976	797.5	4053.932	1998.679	-41.769	528	0.456
"508"	8036	803.5	-1619.622	-1879.526	42	529	5.031
"509"	8065	806.4	347.64	8210.928	-182.102	530	1.275
"510"	8175	817.4	2346.247	935.923	-4.632	531	2.88
"511"	8187	818.6	204.369	8218.55	-178.071	532	1.027
"512"	8223	822.2	163.921	8230.856	-179.356	533	1.781
"513"	8230	822.9	2611.639	7827.816	-162.723	534	3.249
"514"	8243	824.2	2638.307	7805.935	-162.022	535	2.092
"515"	8251	825	135.44	8230.889	-183.161	536	0.842
"516"	8262	826.1	2676.023	7769.744	-160.674	537	4.556
"517"	8295	829.4	71.228	8221.474	-180.015	538	0.331
"518"	8298	829.7	-1143.951	2097.378	-47.31	539	0.299
"519"	8302	830.1	2726.873	7714.456	-160.203	540	0.56
"520"	8322	832.1	2718.434	7700.971	-161.518	541	1.888
"521"	8322	832.1	29.584	8225.158	-179.939	542	0.487
"522"	8345	834.4	4530.169	2487.888	-61.178	543	2.241
"523"	8354	835.3	-1158.818	2098.746	-43.931	544	0.061
"524"	8357	835.6	2776.268	7676.928	-158.832	545	2.323
"525"	8403	840.2	-90.33	8224.081	-178.519	546	1.188
"526"	8406	840.5	-4791.662	8347.978	-57.107	547	0.244
"527"	8415	841.4	2832.468	7604.522	-160.769	548	3.493
"528"	8450	844.9	2870.864	7557.651	-161.126	549	1.465
"529"	8463	846.2	-1613.497	-1891.147	44.152	550	1.23
"530"	8468	846.7	-181.82	8213.313	-177.94	551	0.841
"531"	8489	848.8	-211.176	8211.371	-184.175	552	5.058
"532"	8499	849.8	3195.882	1359.684	-30.177	553	6.702
"533"	8520	851.9	-262.586	8210.34	-182.326	554	11.471
"534"	8568	856.7	-310.596	8208.727	-181.575	555	2.718
"535"	8576	857.5	3033.575	7321.545	-156.97	557	1.049
"536"	8626	862.5	3104.143	7214.603	-150.953	558	3.937
"537"	8630	862.9	-384.911	8213.603	-175.389	559	1.696
"538"	8663	866.2	-423.696	8214.586	-176.598	560	3.475
"539"	8683	868.2	3145.636	7171.122	-146.503	561	7.443
"540"	8714	871.3	-1450.035	2011.962	-33.616	563	18.445
"541"	8736	873.5	-1493.841	2001.008	-38.645	564	4.581
"542"	8740	873.9	-525.928	8216.913	-181.432	565	0.099
"543"	8760	875.9	4454.76	3616.743	-73.694	567	0.648
"544"	8764	876.3	3212.468	7022.548	-150.991	568	1.311
"545"	8805	880.4	-569.762	8229.839	-182.51	570	0.102
"546"	8816	881.5	4412.718	3733.268	-82.9	571	0.955
"547"	8817	881.6	-585.5	8226.277	-180.335	572	6.141
"548"	8823	882.2	3256.305	6935.307	-150.27	573	2.582
"549"	8839	883.8	-615.051	-2001.265	48.972	574	0.509
"550"	8851	885	-617.771	8211.152	-181.095	575	1.643
"551"	8855	885.4	4050.36	1990.405	-40.415	576	6.596
"552"	8874	887.3	-1490.634	2006.887	-40.013	577	0.125
"553"	8885	888.4	4366.849	3877.034	-85.571	578	2.769
"554"	8944	894.3	-381.293	-1962.663	37.948	579	3.741
"555"	9009	900.8	3429.128	6523.512	-132.737	580	1.133
"556"	9041	904	3422.039	6507.336	-140.861	581	0.766
"557"	9050	904.9	3426.779	6501.134	-145.762	583	5.268
"558"	9084	908.3	-929.16	8245.379	-179.767	584	1.86
"559"	9089	908.8	3462.322	6426.089	-150.942	585	17.577
"560"	9093	909.2	4130.189	4300.585	-94.358	586	2.306
"561"	9120	911.9	3480.307	6389.396	-137.439	587	2.516
"562"	9122	912.1	4429.653	2692.274	-50.844	588	3.15
"563"	9164	916.3	4037.204	4452.345	-88.351	589	2.296
"564"	9172	917.1	4455.549	2773.786	-59.416	590	2.105
"565"	9181	918	4020.912	4479.836	-91.758	591	7.242
"566"	9195	919.4	4478.347	2819.395	-61.086	592	0.38
"567"	9204	920.3	3512.506	6210.598	-132.751	593	2.595
"568"	9205	920.4	3994.26	4529.983	-92.11	594	6.596
"569"	9255	925.4	3536.677	6092.446	-131.069	595	1.589
"570"	9256	925.5	-1550.48	2012.333	-40.78	596	0.3
"571"	9284	928.3	-4235.533	7560.117	-48.032	597	0.035
"572"	9286	928.5	-1218.275	8254.302	-179.743	598	2.151
"573"	9302	930.1	3563.08	5986.537	-127.936	599	3.115
"574"	9345	934.4	-1285.738	8264.739	-182.39	600	1.704
"575"	9358	935.7	3594.767	5841.568	-124.68	601	1.573
"576"	9377	937.6	-1333.467	8263.986	-181.733	603	2.836
"577"	9379	937.8	3598.899	5818.79	-124.161	604	7.676
"578"	9387	938.6	-1547.542	2019.219	-36.322	605	0.184
"579"	9390	938.9	3834.837	4808.443	-103.133	606	7.433
"580"	9394	939.3	3613.748	5781.291	-123.875	607	3.257
"581"	9395	939.4	3832.136	4827.935	-99.505	608	1.63
"582"	9400	939.9	3832.419	4842.06	-99.779	609	2.78
"583"	9410	940.9	3826.963	4863.011	-100.316	610	1.791
"584"	9418	941.7	3628.96	5723.566	-121.781	611	4.942
"585"	9443	944.2	3781.615	4935.963	-101.913	612	8.232
"586"	9448	944.7	3779.565	4949.315	-103.155	613	6.571
"587"	9448	944.7	3659.375	5645.713	-112.114	614	4.292
"588"	9455	945.4	3769.145	4967.596	-105.58	615	2.694
"589"	9466	946.5	3663.599	5608.088	-117.718	616	1.791
"590"	9471	947	3753.095	4997.458	-107.857	617	2.853
"591"	9496	949.5	3690.214	5568.322	-113.887	618	0.858
"592"	9497	949.6	4459.053	3610.761	-81.649	619	3.151
"593"	9499	949.8	3730.232	5053.58	-108	620	3.096
"594"	9522	952.1	3707.19	5588.173	-110.803	621	0.687
"595"	9549	954.8	-1563.61	8262.085	-183.192	622	4.76
"596"	9552	955.1	3667.437	5166.133	-105.233	624	3.466
"597"	9561	956	-1543.754	2014.632	-36.813	625	0.307
"598"	9570	956.9	3717.656	5502.146	-113.807	626	2.223
"599"	9589	958.8	4377.075	3856.751	-85.309	627	3.26
"600"	9590	958.9	3714.303	5492.366	-113.17	628	3.505
"601"	9596	959.5	4376.634	3883.242	-85.612	629	0.601
"602"	9602	960.1	4375.698	3896.8	-84.313	630	1.853
"603"	9605	960.4	3728.38	5490.401	-107.465	631	6.334
"604"	9607	960.6	4368.706	3905.107	-86.033	632	2.903
"605"	9610	960.9	3731.39	5491.287	-108.106	633	6.121
"606"	9615	961.4	4350.359	3922.496	-86.148	634	2.861
"607"	9625	962.4	3739.567	5493.774	-107.169	635	0.486
"608"	9627	962.6	-1657.422	8268.58	-181.659	636	0.803
"609"	9636	963.5	3575.236	5311.139	-109.957	637	3.292
"610"	9641	964	3722.839	5477.749	-113.684	638	1.426
"611"	9648	964.7	3570.722	5330.135	-115.317	639	3.198
"612"	9677	967.6	3735.871	5397.755	-107.193	640	0.42
"613"	9681	968	3544.948	5390.405	-117.09	641	2.029
"614"	9701	970	3536.608	5440.496	-111.268	642	1.939
"615"	9701	970	3540.818	5433.138	-115.792	643	1.883
"616"	9707	970.6	3532.484	5455.893	-111.142	644	2.892
"617"	9707	970.6	3740.107	5396.613	-99.074	645	1.829
"618"	9722	972.1	4201.752	4206.462	-88.057	646	6.207
"619"	9727	972.6	3760.686	5356.181	-111.291	647	4.685
"620"	9739	973.8	3775.172	5327.293	-114.133	648	7.746
"621"	9742	974.1	4173.872	4248.308	-92.826	649	4.223
"622"	9744	974.3	3794.512	5323.73	-99.055	650	8.861
"623"	9750	974.9	4161.454	4271.34	-90.976	651	3.918
"624"	9754	975.3	3783.376	5300.353	-114.3	652	1.444
"625"	9766	976.5	4138.349	4318.671	-86.605	653	4.144
"626"	9766	976.5	3799.495	5269.049	-106.124	654	2.816
"627"	9774	977.3	4130.49	4340.779	-88.403	655	2.776
"628"	9798	979.7	4085.929	4391.188	-91.893	656	2.541
"629"	9801	980	-1903.312	8245.02	-174.539	657	3.507
"630"	9808	980.7	3846.112	5167.279	-102.545	658	3.304
"631"	9829	982.8	4043.71	4458.542	-92.427	659	7.25
"632"	9834	983.3	3881.724	5104.195	-104.568	660	1.48
"633"	9847	984.6	3895.857	5073.135	-102.597	661	2.68
"634"	9857	985.6	3988.874	4531.558	-93.417	662	5.911
"635"	9871	987	-1541.461	2008.703	-39.547	663	0.839
"636"	9880	987.9	3934.154	5014.868	-100.832	664	2.451
"637"	9880	987.9	3968.218	4602.133	-92.591	665	5.757
"638"	9892	989.1	3954.985	4631.499	-91.846	666	4.96
"639"	9917	991.6	3919.775	4676.356	-93.418	667	2.758
"640"	9919	991.8	3952.125	4958.105	-105.496	668	2.886
"641"	9923	992.2	3704.345	5148.926	-110.503	669	1.128
"642"	9924	992.3	3961.167	4950.794	-102.916	670	3.588
"643"	9934	993.3	3911.389	4721.545	-97.509	671	7.169
"644"	9950	994.9	3987.511	4893.789	-99.483	672	2.621
"645"	9999	999.8	3668.254	5143.69	-99.668	674	1.07
"646"	10004	1000.3	3826.66	4866.66	-97.75	675	0.594
"647"	10004	1000.3	3667.386	5143.857	-108.665	676	1.661
"648"	10006	1000.5	4060.372	4812.994	-85.229	677	5.989
"649"	10017	1001.6	3810.74	4896.995	-101.543	678	8.411
"650"	10035	1003.4	3776.599	4937.455	-102.481	679	8.111
"651"	10042	1004.1	3777.758	4956.441	-104.296	680	1.959
"652"	10053	1005.2	3658.773	5199.208	-108.577	681	0.188
"653"	10070	1006.9	3738.347	5038.684	-101.721	682	1.091
"654"	10076	1007.5	-2262.717	8172.89	-178.587	683	0.362
"655"	10092	1009.1	4113.801	4702.664	-90.92	684	1.369
"656"	10104	1010.3	3702.991	5100.102	-102.13	685	1.038
"657"	10109	1010.8	3707.283	5096.654	-102.008	686	1.472
"658"	10138	1013.7	4125.493	4616.001	-102.161	687	13.014
"659"	10143	1014.2	4142.927	4613.339	-93.152	688	3.598
"660"	10148	1014.7	3681.645	5095.706	-108.171	689	1.41
"661"	10151	1015	3604.202	5311.692	-110.623	690	2.779
"662"	10160	1015.9	3684.212	5123.431	-116.062	691	12.565
"663"	10183	1018.2	4176.242	4540.321	-100.585	692	7.828
"664"	10189	1018.8	3649.365	5184.446	-115.746	693	4.238
"665"	10211	1021	3624.941	5241.926	-117.541	694	1.186
"666"	10226	1022.5	-2434.598	8107.018	-169.631	695	1.314
"667"	10239	1023.8	3595.374	5309.111	-110.243	697	0.407
"668"	10281	1028	4221.269	4385.298	-95.194	700	1.706
"669"	10284	1028.3	3556.355	5370.006	-121.246	701	12.117
"670"	10291	1029	-2501.536	1079.272	-12.605	702	3.551
"671"	10301	1030	3521.402	5424.9	-108.531	703	2.66
"672"	10304	1030.3	1420.578	71.074	10.362	704	0.237
"673"	10309	1030.8	3520.69	5446.925	-112.385	705	5.334
"674"	10319	1031.8	-2542.401	1005.268	-9.933	706	4.087
"675"	10342	1034.1	3470.944	5532.466	-109.502	707	2.665
"676"	10348	1034.7	-2593.739	8062.821	-170.506	708	4.411
"677"	10360	1035.9	3486.507	5574.729	-120.739	709	3.788
"678"	10363	1036.2	1404.895	70.176	18.925	710	1.153
"679"	10425	1042.4	3493.647	5639.006	-126.348	712	2.331
"680"	10428	1042.7	1416.887	70.612	3.58	713	3.525
"681"	10501	1050	4381.256	3973.411	-87.14	714	1.238
"682"	10516	1051.5	-2790.714	7942.795	-166.243	715	1.331
"683"	10595	1059.4	4373.486	3807.635	-93.139	716	0.503
"684"	10615	1061.4	3316.689	6185.3	-140.501	717	1.371
"685"	10619	1061.8	4367.912	3799.415	-84.591	718	1.788
"686"	10621	1062	-2888.648	7862.352	-164.296	719	0.653
"687"	10634	1063.3	1631.746	368.859	3.801	720	1.273
"688"	10635	1063.4	4355.78	3831.035	-85.824	721	4.343
"689"	10658	1065.7	4337.105	3870.616	-85.07	722	0.631
"690"	10663	1066.2	4336.555	3880.393	-85.77	723	1.927
"691"	10670	1066.9	3280.386	6304.648	-135.781	724	2.639
"692"	10688	1068.7	-2580.997	-521.673	7.346	725	5.927
"693"	10710	1070.9	4300.542	3978.927	-81.725	726	3.011
"694"	10726	1072.5	-2994.866	7765.88	-168.473	727	0.892
"695"	10727	1072.6	3226.503	6442.935	-145.385	728	3.214
"696"	10752	1075.1	4288.899	4069.282	-83.811	729	1.069
"697"	10761	1076	-2489.013	-871.097	26.57	730	6.216
"698"	10783	1078.2	-2459.072	-958.049	14.269	731	5.739
"699"	10839	1083.8	-2325.696	-1215.377	26.702	733	1.905
"700"	10839	1083.8	4291.492	4092.652	-88.772	734	1.077
"701"	10844	1084.3	-3095.615	7661.854	-160.849	735	2.149
"702"	10856	1085.5	-2292.66	-1264.798	15.85	736	13.565
"703"	10866	1086.5	4286.527	4092.855	-88.328	737	0.532
"704"	10876	1087.5	3080.242	6861.96	-145.178	738	1.65
"705"	10886	1088.5	4287.956	4094.132	-88.562	739	1.276
"706"	10942	1094.1	3001.691	7055.898	-147.208	740	5.006
"707"	10945	1094.4	4238.249	4123.848	-87.657	741	2.012
"708"	10957	1095.6	4224.204	4149.653	-88.285	742	2.049
"709"	10983	1098.2	2935.464	7153.874	-153.491	743	2.794
"710"	10987	1098.6	4202.615	4219.526	-88.334	744	1.336
"711"	11003	1100.2	4211.109	4219.666	-87.106	745	1.155
"712"	11010	1100.9	2889.411	7229.681	-155.777	746	2.728
"713"	11021	1102	-3227.635	7481.988	-156.592	747	3.085
"714"	11031	1103	-3231.952	7461.735	-161.263	748	1.606
"715"	11031	1103	4215.911	4223.159	-93.901	749	3.003
"716"	11060	1105.9	-1658.804	-1805.536	38.505	750	4.342
"717"	11060	1105.9	2772.368	7368.406	-153.892	751	3.544
"718"	11088	1108.7	2750.881	7418.124	-158.115	754	4.481
"719"	11093	1109.2	2733.697	7435.451	-154.709	755	3.175
"720"	11115	1111.4	-1596.898	-1910.615	41.715	756	2.002
"721"	11118	1111.7	4150.325	4273.543	-91.099	757	1.348
"722"	11125	1112.4	-1562.018	-1932.066	43.227	758	3.598
"723"	11130	1112.9	4140.255	4306.312	-92.959	759	3.268
"724"	11135	1113.4	2665.293	7527.805	-157.268	760	3.004
"725"	11135	1113.4	4133.78	4319.355	-90.1	761	1.766
"726"	11149	1114.8	4127.447	4349.081	-92.877	762	1.011
"727"	11169	1116.8	4122.042	4354.869	-91.356	763	2.912
"728"	11182	1118.1	2590.873	7596.044	-158.187	764	2.02
"729"	11195	1119.4	-1192.141	-1989.408	41.618	765	1.472
"730"	11217	1121.6	-3333.743	7308.677	-153.252	766	1.818
"731"	11222	1122.1	4079.466	4448.185	-90.52	767	2.292
"732"	11231	1123	-1009.502	-2015.239	47.275	768	6.255
"733"	11238	1123.7	2518.009	7704.983	-162.588	769	1.152
"734"	11245	1124.4	-964.533	-2019.144	47.697	770	7.583
"735"	11249	1124.8	4076.459	4458.252	-95.033	771	3.319
"736"	11256	1125.5	4087.887	4459.811	-78.512	772	6.529
"737"	11261	1126	4086.131	4450.145	-85.248	773	1.065
"738"	11285	1128.4	2417.935	7790.302	-163.333	774	3.349
"739"	11286	1128.5	-792.203	-2037.322	49.574	775	7.748
"740"	11289	1128.8	4464.968	3580.141	-79.153	776	1.665
"741"	11291	1129	2399.527	7798.341	-163.815	777	4.682
"742"	11313	1131.2	4041.74	4475.966	-91.418	778	2.469
"743"	11338	1133.7	-545.321	-2011.762	29.852	779	5.078
"744"	11371	1137	-402.992	-1983.707	31.447	780	3.209
"745"	11386	1138.5	3927.47	4615.134	-95.579	781	2.071
"746"	11395	1139.4	3916.04	4625.984	-97.966	782	2.094
"747"	11410	1140.9	3903.633	4660.628	-100.243	783	3.657
"748"	11413	1141.2	-218.688	-1932.116	31.783	784	5.247
"749"	11419	1141.8	3895.032	4690.611	-97.048	785	1.921
"750"	11441	1144	4393.819	3781.028	-82.054	786	1.555
"751"	11469	1146.8	3856.766	4806.061	-97.946	787	1.714
"752"	11481	1148	3840.179	4831.664	-100.534	788	2.07
"753"	11492	1149.1	124.522	-1770.674	35.344	789	1.611
"754"	11514	1151.3	3801.207	4896.041	-99.06	790	1.045
"755"	11522	1152.1	3798.485	4910.777	-98.623	791	1.622
"756"	11524	1152.3	3228.453	1382.114	-14.088	792	0.41
"757"	11535	1153.4	287.685	-1656.572	38.217	793	4.745
"758"	11542	1154.1	1768.663	8221.723	-177.455	794	1.223
"759"	11546	1154.5	3765.301	4952.29	-102.608	795	2.976
"760"	11554	1155.3	3755.443	4973.573	-100.472	796	2.097
"761"	11566	1156.5	3740.008	5003.303	-101.108	797	2.03
"762"	11571	1157	3737.585	5013.039	-104.576	798	1.008
"763"	11575	1157.4	3238.395	1384.137	-12.79	799	6.359
"764"	11581	1158	3730.368	5036.396	-105.031	800	2.723
"765"	11591	1159	3723.887	5063.344	-104.614	801	6.205
"766"	11600	1159.9	3718.489	5083.259	-115.218	802	10.458
"767"	11605	1160.4	536.104	-1411.929	36.14	803	6.927
"768"	11618	1161.7	1539.445	8259.196	-179.318	804	3.497
"769"	11630	1162.9	4289.22	4045.177	-89.287	805	3.007
"770"	11640	1163.9	3665.549	5180.352	-108.2	806	2.032
"771"	11648	1164.7	3659.517	5192.397	-117.28	807	10.009
"772"	11660	1165.9	3641.354	5213.925	-106.307	808	3.246
"773"	11674	1167.3	3623.36	5244.911	-106.611	809	4.17
"774"	11676	1167.5	1367.456	8259.56	-181.03	810	1.413
"775"	11688	1168.7	-3488.193	7021.486	-150.577	811	1.387
"776"	11688	1168.7	3605.818	5279.269	-111.157	812	2.613
"777"	11698	1169.7	3597.745	5305.561	-107.382	813	1.583
"778"	11702	1170.1	3413.618	1478.437	-24.614	814	1.428
"779"	11713	1171.2	-1057.342	6736.891	-150.871	815	0.02
"780"	11717	1171.6	1241.114	8275.551	-180.492	816	4.3
"781"	11747	1174.6	1137.884	8256.31	-180.345	817	3.851
"782"	11762	1176.1	1092.269	8248.301	-179.525	818	2.343
"783"	11782	1178.1	1026.316	8244.215	-179.713	819	3.955
"784"	11786	1178.5	4167.572	4243.527	-90.834	820	1.619
"785"	11790	1178.9	-1057.454	6736.909	-150.914	821	0.083
"786"	11790	1178.9	3511.769	5518.918	-111.668	822	3.551
"787"	11806	1180.5	3496.866	5549.119	-122.341	823	11.211
"788"	11843	1184.2	840.274	8242.196	-178.915	825	2.641
"789"	11862	1186.1	-3534.201	6949.655	-156.244	826	1.862
"790"	11913	1191.2	4081.996	4392.606	-93.432	828	2.882
"791"	11915	1191.4	-3539.7	6945.644	-152.038	829	1.661
"792"	11922	1192.1	-3521.66	6932.74	-154.674	830	0.043
"793"	11999	1199.8	3344.822	6012.247	-135.483	831	1.998
"794"	12007	1200.6	4010.047	4517.936	-91.348	832	2.501
"795"	12012	1201.1	-3520.746	6933.286	-152.238	833	1.338
"796"	12037	1203.6	-1609.277	-1881.195	54.627	834	3.601
"797"	12049	1204.8	-3483.725	7021.919	-150.099	835	1.557
"798"	12061	1206	-3524.235	6935.889	-153.822	836	3.337
"799"	12082	1208.1	252.57	8226.611	-179.736	837	1.249
"800"	12087	1208.6	1679.957	391.576	-1.102	838	5.654
"801"	12094	1209.3	3299.744	6220.543	-136.722	839	2.522
"802"	12099	1209.8	-1422.498	-1912.364	45.462	840	2.999
"803"	12106	1210.5	225.619	8220.29	-184.348	841	5.464
"804"	12111	1211	-3540.996	6950.703	-147.275	842	0.659
"805"	12132	1213.1	1785.857	503.935	4.144	843	4.46
"806"	12178	1217.7	-1057.362	6736.894	-151.052	844	0.022
"807"	12188	1218.7	-1168.051	-1991.151	46.044	845	0.922
"808"	12217	1221.6	3227.252	6452.933	-134.434	846	3.284
"809"	12221	1222	-3521.185	6999.626	-149.209	847	1.074
"810"	12252	1225.1	-999.498	-2012.476	51.417	848	2.031
"811"	12258	1225.7	3229.403	6491.266	-141.615	849	3.217
"812"	12260	1225.9	-128.264	8237.078	-182.715	850	1.02
"813"	12285	1228.4	-1057.389	6736.883	-150.911	851	0.032
"814"	12293	1229.2	-3496.652	7056.162	-155.604	852	0.485
"815"	12306	1230.5	-3527.921	6935.909	-157.155	853	0.73
"816"	12326	1232.5	-850.9	-2017.786	38.369	854	0.038
"817"	12359	1235.8	-3473.04	7085.852	-156.071	855	1.703
"818"	12359	1235.8	-766.719	-2022.942	47.672	856	2.712
"819"	12380	1237.9	-3526.737	6934.172	-150.355	857	0.916
"820"	12384	1238.3	-3463.861	7097.487	-154.421	858	2.248
"821"	12406	1240.5	-3523.49	6932.362	-152.69	859	0.755
"822"	12418	1241.7	-629.2	-2010.755	48.703	860	0.671
"823"	12445	1244.4	-3430.236	7119.248	-152.772	861	2.055
"824"	12449	1244.8	3734.3	5008.269	-101.736	862	2.071
"825"	12523	1252.2	-420.798	-1974.742	37.272	864	10.01
"826"	12563	1256.2	-342.502	-1967.254	33.427	865	1.86
"827"	12580	1257.9	-298.376	-1950.545	45.356	866	6.373
"828"	12613	1261.2	-255.148	-1942.596	32.734	867	5.753
"829"	12619	1261.8	-1183.533	8277.981	-175.618	868	2.609
"830"	12699	1269.8	-74.099	-1877.961	37.644	870	3.436
"831"	12721	1272	-1502.024	-1941.732	43.458	871	1.335
"832"	12809	1280.8	124.923	-1773.393	35.954	873	0.612
"833"	12811	1281	-1736.656	8275.442	-176.215	874	3.024
"834"	12840	1283.9	174.826	-1738.049	35.471	875	1.24
"835"	12875	1287.4	-1904.945	8244.969	-173.859	876	3.453
"836"	12928	1292.7	-2039.974	8237.667	-175.136	877	2.572
"837"	12931	1293	331.527	-1621.274	31.911	878	0.988
"838"	12938	1293.7	-3496.59	7054.761	-157.009	879	0.184
"839"	12969	1296.8	-2171.112	8206.905	-174.622	880	1.446
"840"	12996	1299.5	-2239.312	8210.865	-180.829	882	2.308
"841"	13036	1303.5	-2328.001	8169.85	-173.947	883	3.087
"842"	13070	1306.9	541.467	-1433.303	40.128	884	1.004
"843"	13074	1307.3	-2399.033	8153.948	-176.596	885	3.913
"844"	13113	1311.2	-2453.788	8156.285	-178.465	886	1.239
"845"	13119	1311.8	-1057.317	6736.848	-150.962	887	0.067
"846"	13142	1314.1	4453.331	3612.228	-81.648	888	1.251
"847"	13257	1325.6	4246.725	4088.708	-94.476	889	4.734
"848"	13283	1328.2	4205.386	4189.012	-98.83	890	5.946
"849"	13294	1329.3	4162.565	4236.786	-97.311	891	5.47
"850"	13333	1333.2	624.535	-1331.941	27.832	892	5.11
"851"	13344	1334.3	4064.318	4461.142	-89.672	893	2.133
"852"	13373	1337.2	3964.774	4561.544	-97.437	894	5.643
"853"	13419	1341.8	3875.459	4751.063	-100.888	895	5.684
"854"	13441	1344	3826.355	4843.607	-102.325	896	5.983
"855"	13468	1346.7	678.675	-1216.75	24.993	897	7.067
"856"	13495	1349.4	3704.846	5072.609	-102.126	898	6.223
"857"	13499	1349.8	693.551	-1193.654	24.146	899	1.673
"858"	13531	1353	3637.475	5191.622	-110.959	900	4.917
"859"	13566	1356.5	3590.6	5346.695	-124.133	901	16.199
"860"	13571	1357	768.184	-1086.603	30.441	902	3.909
"861"	13577	1357.6	-3414.525	7127.04	-164.868	903	0.11
"862"	13585	1358.4	3527.734	5432.131	-114.452	904	6.891
"863"	13603	1360.2	3505.297	5522.106	-110.15	905	2.644
"864"	13636	1363.5	3445.462	5670.59	-120.212	906	5.781
"865"	13656	1365.5	3432.502	5743.718	-130.061	907	2.858
"866"	13665	1366.4	880.498	-903.743	16.67	908	7.382
"867"	13680	1367.9	3425.921	5827.155	-131.928	909	4.769
"868"	13736	1373.5	3334.245	6083.303	-136.82	910	4.968
"869"	13791	1379	3248.22	6366.545	-137.725	911	6.231
"870"	13814	1381.3	3226.298	6437.537	-149.217	912	3.896
"871"	13863	1386.2	3181.431	6590.546	-150.9	913	6.082
"872"	13910	1390.9	1190.851	-425.234	-6.286	914	1.184
"873"	13931	1393	-802.742	-2031.245	47.235	915	0.654
"874"	14003	1400.2	2905.986	7208.461	-155.592	917	11.384
"875"	14026	1402.5	2848.759	7289.488	-154.888	918	4.485
"876"	14027	1402.6	-1057.306	6736.894	-151.049	919	0.021
"877"	14034	1403.3	2828.285	7319.265	-166.282	920	4.3
"878"	14070	1406.9	1328.058	-72.099	4.996	921	2.486
"879"	14073	1407.2	2697.019	7468.005	-169.511	922	5.772
"880"	14130	1412.9	-1057.304	6736.872	-150.872	923	0.127
"881"	14173	1417.2	-1057.371	6736.854	-150.899	924	0.026
"882"	14227	1422.6	2280.104	7889.899	-177.716	925	4.632
"883"	14249	1424.8	-3496.532	7056.067	-156.434	926	1.247
"884"	14258	1425.7	2225.528	7966.757	-174.182	927	1.874
"885"	14341	1434	1924.14	8158.606	-175.223	928	2.969
"886"	14358	1435.7	1864.668	8193.561	-178.156	929	7.005
"887"	14392	1439.1	1698.696	8239.175	-181.269	930	2.22
"888"	14438	1443.7	1470.242	8263.586	-179.968	931	4.323
"889"	14468	1446.7	-1057.405	6736.873	-150.927	932	0.092
"890"	14472	1447.1	1345.306	8271.524	-182.424	933	3.135
"891"	14485	1448.4	1286.032	8275.167	-176.223	934	4.311
"892"	14503	1450.2	1197.921	8276.833	-183.689	935	3.168
"893"	14526	1452.5	1099.259	8256.577	-184.716	936	4.4
"894"	14541	1454	1055.787	8248.033	-184.153	937	4.666
"895"	14560	1455.9	963.247	8250.917	-183.533	938	6.369
"896"	14597	1459.6	810.918	8225.302	-183.052	939	4.927
"897"	14670	1466.9	3218.187	6517.275	-136.587	940	0.691
"898"	14680	1467.9	3207.305	6526.108	-144.971	941	8.65
"899"	14690	1468.9	-1057.418	6736.884	-150.91	942	0.054
"900"	14699	1469.8	3184.105	6578.396	-151.108	943	12.23
"901"	14759	1475.8	3123.219	6767.169	-150.154	944	6.314
"902"	14824	1482.3	3058.816	6949.185	-156.871	945	4.733
"903"	14881	1488	3737.339	5015.219	-105.849	946	3.458
"904"	14882	1488.1	2980.831	7075.208	-156.666	947	4.182
"905"	14918	1491.7	2923.344	7170.047	-158.951	948	1.339
"906"	15000	1499.9	2860.157	1172.234	-19.173	949	0.945
"907"	15050	1504.9	-938.875	8244.626	-175.991	950	5.978
"908"	15060	1505.9	-987.958	8247.997	-184.291	951	8.38
"909"	15290	1528.9	-1057.406	6736.909	-150.904	952	0.053
"910"	15316	1531.5	-2102.156	8225.598	-175.037	953	0.829
"911"	15323	1532.2	-2126.013	8226.062	-176.025	954	2.414
"912"	15452	1545.1	-1057.33	6736.864	-150.867	955	0.033
"913"	15477	1547.6	1842.979	8201.813	-175.399	956	4.9
"914"	15507	1550.6	1763.435	8225.226	-177.774	957	2.529
"915"	15570	1556.9	-3416.638	7128.381	-157.609	958	1.925
"916"	15604	1560.3	1483.913	8276.024	-178.575	959	5.499
"917"	15615	1561.4	-3186.943	7540.067	-164.587	960	5.761
"918"	15647	1564.6	1343.689	8271.405	-179.483	961	2.764
"919"	15675	1567.4	-1057.405	6736.926	-150.989	962	0.035
"920"	15687	1568.6	-3319.872	7372.221	-161.208	964	3.508
"921"	15708	1570.7	-3343.603	7326.435	-161.828	965	2.061
"922"	15718	1571.7	1114.425	8254.821	-180.074	966	1.84
"923"	15720	1571.9	-3352.134	7306.005	-156.288	967	0.828
"924"	15735	1573.4	-3365.801	7280.324	-160.152	968	0.908
"925"	15756	1575.5	992.457	8252.254	-179.934	969	3.062
"926"	15771	1577	948.971	8250.803	-178.151	970	0.552
"927"	15773	1577.2	-1057.418	6736.909	-150.812	971	0.022
"928"	15784	1578.3	-3392.349	7193.86	-155.48	972	1.792
"929"	15807	1580.6	869.577	8264.169	-179.849	974	3.453
"930"	15808	1580.7	-3415.496	7125.621	-159.767	975	0.109
"931"	15833	1583.2	-3415.667	7125.401	-163.348	976	0.985
"932"	15843	1584.2	-3456.751	7124.563	-154.641	977	1.575
"933"	15846	1584.5	751.245	8239.705	-179.064	978	2.272
"934"	15856	1585.5	-1903.603	-1750.71	38.908	979	2.27
"935"	15864	1586.3	-3476.722	7107.909	-156.305	980	2.76
"936"	15875	1587.4	664.336	8236.518	-180.591	981	3.729
"937"	15892	1589.1	612.239	8239.36	-178.553	982	0.535
"938"	15899	1589.8	-1835.349	-1783.793	43.003	983	0.88
"939"	15942	1594.1	461.211	8226.265	-178.81	984	4.946
"940"	15948	1594.7	438.377	8231.802	-177.037	985	1.68
"941"	15956	1595.5	-1739.08	-1840.956	41.217	986	2.319
"942"	15964	1596.3	396.985	8228.557	-182.966	987	2.987
"943"	15987	1598.6	337.067	8220.512	-179.906	988	0.684
"944"	15990	1598.9	-1681.013	-1866.626	43.833	989	3.912
"945"	16007	1600.6	297.113	8223.664	-182.441	990	2.831
"946"	16008	1600.7	-1650.914	-1888.594	44.878	991	2.473
"947"	16039	1603.8	-1057.363	6736.857	-150.893	992	0.036
"948"	16063	1606.2	-1552.562	-1914.369	44.444	993	2.698
"949"	16073	1607.2	144.365	8230.81	-180.72	994	4.559
"950"	16102	1610.1	-1482.057	-1926.429	46.736	995	3.041
"951"	16134	1613.3	-64.448	8227.533	-180.93	996	2.157
"952"	16139	1613.8	-83.291	8229.233	-177.39	997	1.337
"953"	16171	1617	-170.795	8228.332	-182.993	998	6.286
"954"	16196	1619.5	-1276.075	-1962.307	44.199	999	0.765
"955"	16238	1623.7	-1194.539	-1991.622	46.282	1000	1.213
"956"	16248	1624.7	-1169.52	-1998.249	54.265	1001	3.262
"957"	16292	1629.1	-1091.35	-2027.686	41.432	1002	8.148
"958"	16301	1630	4447.065	3595.785	-72.494	1003	2.749
"959"	16322	1632.1	-3417.02	7123.362	-158.462	1004	0.031
"960"	16337	1633.6	-644.735	8242.764	-176.118	1005	0.849
"961"	16345	1634.4	4416.851	3717.643	-83.718	1006	3.477
"962"	16381	1638	-1079.725	2060.327	-35.421	1007	1.886
"963"	16391	1639	-793.572	8237.098	-175.841	1008	2.446
"964"	16410	1640.9	4356.202	3889.438	-80.537	1009	2.86
"965"	16414	1641.3	-863.936	8239.575	-175.364	1010	3.425
"966"	16444	1644.3	4310.645	3973.472	-90.409	1011	2.606
"967"	16460	1645.9	4303.086	3987.668	-82.976	1012	6.79
"968"	16461	1646	-988.707	8245.504	-182.186	1013	7.193
"969"	16465	1646.4	4296.468	4000.564	-90.025	1014	5.526
"970"	16471	1647	-1021.785	8243.714	-175.087	1015	3.288
"971"	16483	1648.2	-4221.664	7589.605	-15.015	1016	0.022
"972"	16493	1649.2	-740.096	-2037.209	46.453	1017	0.772
"973"	16505	1650.4	4237.864	4109.371	-93.66	1018	4.285
"974"	16510	1650.9	4229.717	4126.021	-85.58	1019	2.032
"975"	16532	1653.1	4196.074	4189.521	-90.976	1020	2.127
"976"	16542	1654.1	4181.172	4218.192	-89.326	1021	0.792
"977"	16556	1655.5	4527.057	2522.326	-55.299	1022	0.542
"978"	16578	1657.7	-1352.144	8259.657	-176.599	1023	4.322
"979"	16585	1658.4	4127.242	4317.509	-91.94	1024	0.285
"980"	16593	1659.2	4047.494	2008.244	-48.303	1025	1.013
"981"	16612	1661.1	-1461.692	8268.013	-175.79	1026	2.711
"982"	16618	1661.7	-3320.68	7406.741	-158.425	1027	0.058
"983"	16627	1662.6	4065.635	4410.973	-91.662	1028	1.16
"984"	16627	1662.6	-1498.245	8274.827	-180.884	1029	3.469
"985"	16646	1664.5	4032.431	4455.69	-89.768	1030	2.822
"986"	16669	1666.8	-1622.385	8269.434	-181.72	1031	3.302
"987"	16676	1667.5	3992.425	4519.831	-92.168	1032	1.81
"988"	16682	1668.1	3988.283	4527.307	-94.447	1033	1.556
"989"	16687	1668.6	3981.261	4544.915	-91.732	1034	2.449
"990"	16700	1669.9	3969.632	4574.213	-96.223	1035	3.25
"991"	16705	1670.4	3964.138	4588.911	-95.819	1036	10.134
"992"	16708	1670.7	-1755.085	8260.4	-176.393	1037	1.763
"993"	16710	1670.9	3955.942	4598.664	-95.585	1038	1.942
"994"	16726	1672.5	-306.905	-1959.572	45.206	1039	1.542
"995"	16742	1674.1	-1868.094	8256.706	-177.583	1040	3.89
"996"	16743	1674.2	4527.869	2570.661	-59.145	1041	2.247
"997"	16755	1675.4	3913.429	4698.958	-97.773	1042	5.584
"998"	16759	1675.8	-1915.06	8252.871	-181.829	1043	4.113
"999"	16762	1676.1	3908.901	4713.945	-99.262	1044	4.427
"1000"	16779	1677.8	-4221.329	7593.421	-13.978	1045	0.066
"1001"	16805	1680.4	-2001.504	8257.431	-181.669	1046	3.341
"1002"	16874	1687.3	-2180.719	8207.912	-173.055	1047	2.273
"1003"	16877	1687.6	4507.412	2605.402	-59.926	1048	1.276
"1004"	16896	1689.5	3736.106	5020.216	-111.081	1049	0.04
"1005"	16942	1694.1	3696.675	5112.804	-110.087	1050	2.218
"1006"	16960	1695.9	3675.218	5134.426	-112.408	1051	0.208
"1007"	16975	1697.4	3654.244	5166.258	-109.422	1052	1.966
"1008"	16979	1697.8	-2459.491	8129.943	-174.506	1053	4.482
"1009"	17005	1700.4	4533.065	2702.719	-56.594	1054	2.328
"1010"	17009	1700.8	3629.303	5235.195	-111.015	1055	2.279
"1011"	17018	1701.7	3611.753	5257.863	-111.561	1056	4.049
"1012"	17027	1702.6	3595.026	5284.996	-111.425	1057	2.668
"1013"	17033	1703.2	4571.821	2663.624	-191.219	1058	0.03
"1014"	17037	1703.6	3590.832	5300.61	-111.264	1059	9.105
"1015"	17042	1704.1	3580.482	5317.245	-111.235	1060	3.768
"1016"	17080	1707.9	3540.061	5413.116	-117.48	1061	6.483
"1017"	17083	1708.2	4566.012	2701.997	-222.751	1062	0.383
"1018"	17093	1709.2	3528.324	5445.954	-118.183	1063	1.34
"1019"	17122	1712.1	4555.049	2811.694	-67.823	1064	0.344
"1020"	17171	1717	4555.801	2861.475	-56.961	1065	2.529
"1021"	17172	1717.1	-2951.81	7816.05	-168.48	1066	2.96
"1022"	17194	1719.3	4564.432	2883.929	-69.542	1067	0.581
"1023"	17212	1721.1	4569.976	2902.296	-72.822	1068	0.927
"1024"	17214	1721.3	-3045.839	7725.953	-165.87	1069	4.099
"1025"	17266	1726.5	-3153.234	7593.679	-163.272	1070	3.548
"1026"	17272	1727.1	4568.333	2936.159	-70.565	1071	0.572
"1027"	17316	1731.5	-3247.809	7486.225	-159.765	1073	3.417
"1028"	17327	1732.6	4560.667	2986.844	-71.088	1074	2.306
"1029"	17335	1733.4	-3275.11	7440.436	-160.141	1075	3.055
"1030"	17358	1735.7	4562.306	3015.054	-61.596	1077	1.29
"1031"	17375	1737.4	4563.882	3027.739	-59.663	1078	2.143
"1032"	17379	1737.8	-3315.881	7399.049	-159.621	1079	1.091
"1033"	17398	1739.7	-3323.787	7382.913	-158.064	1080	0.95
"1034"	17453	1745.2	-3336.772	7336.757	-157.949	1081	3.245
"1035"	17467	1746.6	4573.92	3111.646	-60.829	1082	2.463
"1036"	17479	1747.8	-3412.955	7128.255	-161.498	1083	0.439
"1037"	17485	1748.4	4576.557	3124.899	-72.196	1084	0.108
"1038"	17511	1751	-3397.641	7231.481	-155.856	1085	3.647
"1039"	17558	1755.7	4584.407	3192.537	-72.008	1086	0.963
"1040"	17572	1757.1	-3412.925	7128.568	-158.914	1087	0.036
"1041"	17582	1758.1	-3412.958	7128.551	-158.867	1088	0.02
"1042"	17594	1759.3	4572.118	3230.122	-70.338	1089	1.192
"1043"	17605	1760.4	-3442.335	7142.173	-154.855	1090	1.343
"1044"	17609	1760.8	4569.001	3244.122	-73.804	1091	0.68
"1045"	17632	1763.1	-3455.14	7120.675	-153.401	1092	0.944
"1046"	17651	1765	4554.727	3280.45	-76.358	1093	0.991
"1047"	17676	1767.5	-3477.184	7094.209	-152.824	1094	2.314
"1048"	17691	1769	-3478.766	7086.001	-153.689	1095	1.181
"1049"	17723	1772.2	-3494.981	7061.762	-171.564	1096	1.591
"1050"	17729	1772.8	4542.983	3337.189	-75.726	1097	0.751
"1051"	17782	1778.1	4525.495	3386.618	-77.103	1098	0.99
"1052"	17823	1782.2	4502.024	3429.453	-76.024	1099	0.578
"1053"	17832	1783.1	-3411.744	7131.868	-162.479	1100	1.129
"1054"	17839	1783.8	-3536.512	6942.751	-152.337	1101	0.803
"1055"	17901	1790	-3522.98	6949.708	-150.441	1102	1.345
"1056"	17964	1796.3	4494.421	3527.149	-77.117	1103	1.247
"1057"	18008	1800.7	4471.395	3573.893	-76.411	1104	2.286
"1058"	18037	1803.6	4466.629	3598.847	-79.643	1105	2.203
"1059"	18045	1804.4	4463.313	3608.427	-78.865	1106	0.445
"1060"	18071	1807	4454.68	3636.173	-75.112	1108	0.361
"1061"	18072	1807.1	-3647.337	6758.215	-134.897	1109	0.41
"1062"	18143	1814.2	4430.091	3703.89	-80.674	1110	1.406
"1063"	18152	1815.1	4429.689	3706.943	-79.209	1111	0.578
"1064"	18170	1816.9	4421.734	3729.414	-80.144	1112	3.012
"1065"	18215	1821.4	4398.967	3777.867	-80.754	1113	1.09
"1066"	18222	1822.1	4397.553	3786.406	-81.478	1114	0.526
"1067"	18242	1824.1	4393.053	3807.626	-82.748	1115	2.087
"1068"	18258	1825.7	4387.042	3824.432	-85.287	1116	2.452
"1069"	18281	1828	4378.902	3846.208	-83.346	1118	2.646
"1070"	18353	1835.2	4347.113	3912.555	-82.584	1119	1.066
"1071"	18387	1838.6	4326.225	3941.92	-82.607	1121	1.512
"1072"	18453	1845.2	4294.562	4015.72	-86.069	1122	0.189
"1073"	18477	1847.6	4283.371	4040.175	-87.607	1123	0.635
"1074"	18495	1849.4	4269.181	4058.565	-86.767	1124	1.861
"1075"	18542	1854.1	4253.864	4107.823	-90.128	1125	0.697
"1076"	18550	1854.9	-1057.454	6736.96	-150.742	1126	0.038
"1077"	18553	1855.2	4251.68	4118.943	-85.616	1127	1.485
"1078"	18643	1864.2	4201.584	4210.52	-92.66	1128	5.12
"1079"	18702	1870.1	3279.128	1432.518	-32.226	1129	1.282
"1080"	18716	1871.5	3270.995	1435.951	-36.249	1130	0.222
"1081"	18774	1877.3	4121.642	4319.314	-91.509	1131	0.681
"1082"	18807	1880.6	-3413.873	7131.507	-158.056	1132	0.024
"1083"	18883	1888.2	-1593.282	1954.263	-35.841	1133	3.899
"1084"	18942	1894.1	-1661.929	1917.024	-28.771	1134	3.319
"1085"	18944	1894.3	2514.146	1007.285	-13.925	1135	3.602
"1086"	18983	1898.2	309.178	8217.082	-158.672	1136	4.344
"1087"	19043	1904.2	-1810.753	1843.244	-26.707	1137	3.509
"1088"	19080	1907.9	2761.109	1138.923	-16.024	1138	2.579
"1089"	19080	1907.9	-1865.814	1803.292	-28.279	1139	4.474
"1090"	19095	1909.4	-1885.108	1794.463	-26.621	1140	1.646
"1091"	19137	1913.6	3950.919	4631.322	-90.605	1141	3.609
"1092"	19163	1916.2	2911.689	1193.081	-15.577	1142	2.512
"1093"	19183	1918.2	-3412.896	7168.487	-157.337	1143	0.323
"1094"	19187	1918.6	2946.868	1206.304	-16.853	1144	2.943
"1095"	19197	1919.6	3928.237	4680.621	-95.307	1145	3.64
"1096"	19212	1921.1	-2044.444	1712.169	-21.127	1146	2.366
"1097"	19215	1921.4	2969.625	1234.888	-18.503	1147	2.318
"1098"	19289	1928.8	3873.517	4769.466	-102.56	1148	4.455
"1099"	19302	1930.1	3131.337	1312.602	-22.039	1149	2.813
"1100"	19328	1932.7	3172.789	1325.611	-23.658	1150	3.378
"1101"	19346	1934.5	3870.95	4758.848	-96.086	1151	0.07
"1102"	19364	1936.3	-3351.098	7276.142	-156.711	1152	1.456
"1103"	19368	1936.7	3248.506	1374.536	-24.389	1153	2.586
"1104"	19372	1937.1	-622.887	-2027.069	38.559	1154	1.678
"1105"	19386	1938.5	3284.301	1395.238	-23.838	1155	2.497
"1106"	19401	1940	161.338	8235.731	-183.251	1156	1.402
"1107"	19404	1940.3	-3334.732	7281.206	-153.792	1157	1.793
"1108"	19416	1941.5	3346.589	1431.916	-27.062	1158	2.123
"1109"	19464	1946.3	3817.556	4850.981	-96.698	1159	1.231
"1110"	19486	1948.5	3441.079	1481.075	-25.064	1160	2.772
"1111"	19501	1950	3473.234	1496.078	-26.196	1161	4.283
"1112"	19515	1951.4	3499.243	1516.372	-32.175	1162	2.967
"1113"	19533	1953.2	3525.685	1540.061	-27.644	1163	0.858
"1114"	19545	1954.4	3551.028	1553.779	-28.422	1164	2.32
"1115"	19553	1955.2	231.92	8221.855	-176.221	1165	2.023
"1116"	19584	1958.3	254.12	8217.712	-177.754	1166	1.766
"1117"	19592	1959.1	3635.202	1596.075	-36.959	1167	4.904
"1118"	19607	1960.6	279.546	8212.525	-176.067	1168	0.962
"1119"	19622	1962.1	3682.399	1640.723	-36.516	1169	1.907
"1120"	19624	1962.3	3760.999	4952.207	-104.884	1170	2.002
"1121"	19628	1962.7	300.486	8216.278	-178.898	1171	2.387
"1122"	19639	1963.8	3707.19	1663.948	-39.536	1172	2.987
"1123"	19671	1967	3761.861	1711.988	-34.159	1173	2.919
"1124"	19676	1967.5	340.729	8217.316	-176.795	1174	2.605
"1125"	19697	1969.6	3792.037	1749.547	-40.328	1175	1.132
"1126"	19726	1972.5	3845.77	1780.201	-42.423	1176	2.803
"1127"	19752	1975.1	3890.371	1821.487	-40.226	1177	1.844
"1128"	19801	1980	3967.305	1908.973	-45.222	1178	2.7
"1129"	19832	1983.1	4021.482	1960.323	-48.351	1179	9.928
"1130"	19861	1986	4060.439	2014.791	-49.755	1180	2.678
"1131"	19870	1986.9	-2058.284	1675.37	-23.449	1181	2.115
"1132"	19872	1987.1	4076.876	2032.766	-50.343	1182	9.178
"1133"	19883	1988.2	-2084.449	1673.906	-23.031	1183	6.996
"1134"	19890	1988.9	-2102.316	1665.991	-20.835	1184	2.265
"1135"	19901	1990	4117.673	2091.031	-40.152	1185	1.707
"1136"	19915	1991.4	4131.143	2112.711	-52.938	1186	2.638
"1137"	19916	1991.5	-2120.74	1656.338	-20.46	1187	0.49
"1138"	19945	1994.4	4176.962	2167.029	-44.767	1188	0.83
"1139"	19961	1996	4191.013	2198.552	-45.238	1189	1.244
"1140"	20008	2000.7	4241.141	2259.047	-52.285	1190	3.676
"1141"	20047	2004.6	4273.283	2314.037	-54.444	1191	4.899
"1142"	20062	2006.1	4288.524	2346.457	-49.582	1192	0.828
"1143"	20175	2017.4	-3296.745	7400.737	-158.885	1195	0.089
"1144"	20175	2017.4	4372.867	2540.526	-58.238	1196	4.234
"1145"	20208	2020.7	4402.993	2565.408	-58.478	1197	3.042
"1146"	20347	2034.6	-2547.057	1008.998	-5.733	1198	5.089
"1147"	20542	2054.1	-2659.048	377.214	-1.914	1200	3.992
"1148"	20611	2061	-3301.197	7360.444	-158.828	1202	0.373
"1149"	20617	2061.6	-2659.148	181.247	7.29	1203	0.162
"1150"	20640	2063.9	-2673.084	149.106	6.999	1204	4.063
"1151"	20714	2071.3	-2661.717	-83.723	11.101	1205	3.834
"1152"	20726	2072.5	-2663.894	-128.366	8.775	1206	5.655
"1153"	20741	2074	-2656.363	-180.842	8.729	1207	1.661
"1154"	20800	2079.9	-2609.699	-422.899	8.084	1208	0.652
"1155"	20809	2080.8	4394.673	3760.278	-75.865	1209	2.835
"1156"	20834	2083.3	-2594.264	-547.619	17.822	1210	3.503
"1157"	20897	2089.6	-2543.424	-788.925	21.727	1211	5.61
"1158"	20937	2093.6	4274.301	4042.148	-82.496	1212	1.615
"1159"	20957	2095.6	-2459.611	-995.998	28.503	1213	6.264
"1160"	20978	2097.7	-3448.725	7082.743	-151.862	1214	0.386
"1161"	20992	2099.1	4204.472	4145.696	-84.251	1215	1.595
"1162"	21106	2110.5	4066.874	4382.054	-90.765	1216	2.327
"1163"	21115	2111.4	-1335.986	8266.86	-182.169	1217	4.351
"1164"	21116	2111.5	4057.981	4402.1	-89.347	1218	4.976
"1165"	21123	2112.2	-1347.667	8271.57	-175.876	1219	2.759
"1166"	21145	2114.4	4027.728	4452.569	-91.255	1220	3.108
"1167"	21147	2114.6	-3486.618	7002.417	-149.36	1222	0.121
"1168"	21158	2115.7	4028.004	4473.329	-83.488	1223	7.004
"1169"	21184	2118.3	3996.79	4498.412	-91.574	1224	3.255
"1170"	21206	2120.5	3970.248	4534.042	-95.288	1225	3.409
"1171"	21274	2127.3	3889.387	4657.448	-96.612	1226	2.203
"1172"	21289	2128.8	3878.351	4686.721	-90.932	1227	3.092
"1173"	21324	2132.3	3878.086	4710.841	-90.464	1228	2.999
"1174"	21336	2133.5	3876.634	4707.859	-97.84	1229	7.041
"1175"	21366	2136.5	3885.265	4713.794	-89.733	1230	0.041
"1176"	21371	2137	1693.501	407.497	4.518	1231	2.276
"1177"	21387	2138.6	3771.699	4983.564	-109.746	1232	0.953
"1178"	21415	2141.4	3877.415	4707.676	-100.179	1233	1.265
"1179"	21477	2147.6	3870.879	4708.211	-100.61	1234	0.424
"1180"	21505	2150.4	3870.465	4708.14	-101.331	1235	2.883
"1181"	21514	2151.3	-834.918	-2033.902	49.851	1236	4.604
"1182"	21524	2152.3	-798.372	-2024.715	46.319	1237	4.897
"1183"	21549	2154.8	3697.27	5102.426	-102.346	1238	8.24
"1184"	21554	2155.3	3696.317	5108.417	-102.43	1239	8.264
"1185"	21559	2155.8	3698.045	5118.883	-95.619	1240	6.58
"1186"	21572	2157.1	-611.89	-2019.136	32.159	1241	12.94
"1187"	21578	2157.7	-1057.37	6736.899	-150.937	1242	0.045
"1188"	21595	2159.4	-1819.075	8262.078	-176.339	1243	0.153
"1189"	21597	2159.6	-510.644	-1998.435	46.236	1244	5.532
"1190"	21624	2162.3	-413.368	-1984.821	34.091	1245	5.43
"1191"	21645	2164.4	3661.113	5163.765	-101.954	1246	2.593
"1192"	21648	2164.7	-372.629	-1954.333	50.524	1247	0.555
"1193"	21667	2166.6	-336.181	-1966.015	33.92	1248	5.123
"1194"	21672	2167.1	3658.11	5193.621	-94.367	1249	0.872
"1195"	21677	2167.6	3645.618	5194.401	-109.614	1250	11.738
"1196"	21682	2168.1	3655.327	5204.259	-95.67	1251	0.291
"1197"	21687	2168.6	3655.78	5206.443	-93.928	1252	11.375
"1198"	21717	2171.6	3646.359	5224.931	-94.107	1253	0.485
"1199"	21722	2172.1	-135.007	-1924.926	40.4	1254	3.842
"1200"	21735	2173.4	3637.315	5235.163	-95.592	1255	1.154
"1201"	21741	2174	-89.547	-1912.134	32.341	1256	6.031
"1202"	21742	2174.1	-3449.933	7080.088	-151.652	1257	1.01
"1203"	21756	2175.5	-15.852	-1829.418	29.754	1258	2.243
"1204"	21762	2176.1	3629.801	5258.289	-95.516	1259	8.333
"1205"	21764	2176.3	-13.735	-1825.449	50.618	1260	7.117
"1206"	21764	2176.3	-15.779	-1844.646	46.457	1261	20.594
"1207"	21774	2177.3	-4.122	-1826.756	32.823	1262	1.228
"1208"	21777	2177.6	3624.213	5274.536	-96.653	1263	11.376
"1209"	21819	2181.8	-37.112	-1830.121	33.62	1264	1.181
"1210"	21845	2184.4	-3480.026	7006.376	-153.521	1265	1.008
"1211"	21848	2184.7	3590.143	5328.953	-96.229	1267	8.178
"1212"	21866	2186.5	-41.601	-1834.652	49.112	1268	0.567
"1213"	21869	2186.8	3572.324	5338.438	-109.437	1269	2.506
"1214"	21871	2187	-48.234	-1839.486	48.57	1270	0.23
"1215"	21893	2189.2	397.459	-1576.623	32.687	1271	4.758
"1216"	21919	2191.8	3551.034	5372.386	-100.556	1272	7.863
"1217"	21933	2193.2	-3541.816	6942.591	-152.328	1273	0.946
"1218"	21944	2194.3	3541.872	5393.386	-99.08	1274	6.508
"1219"	21948	2194.7	3882.043	4716.034	-103.286	1275	0.164
"1220"	21966	2196.5	554.463	-1388.976	39.01	1276	4.78
"1221"	21972	2197.1	3530.755	5419.072	-99.92	1277	2.909
"1222"	21977	2197.6	3887.495	4741.009	-102.775	1278	1.73
"1223"	21979	2197.8	3530.294	5427.477	-97.389	1279	2.775
"1224"	22009	2200.8	3892.992	4774.748	-102.875	1280	2.337
"1225"	22029	2202.8	3872.577	4789.5	-102.483	1281	1.544
"1226"	22036	2203.5	-3480.442	7022.468	-154.397	1282	0.368
"1227"	22044	2204.3	-3570.882	6869.326	-138.001	1283	0.895
"1228"	22047	2204.6	-1057.332	6736.839	-150.906	1284	25.473
"1229"	22050	2204.9	766.318	-1118.645	30.844	1285	5.792
"1230"	22073	2207.2	-3580.198	6845.996	-139.712	1286	2.895
"1231"	22078	2207.7	3815.319	4857.586	-100.919	1287	1.71
"1232"	22133	2213.2	3760.836	4947.284	-101.557	1288	2.621
"1233"	22135	2213.4	-3646.916	6758.277	-135.594	1289	1.581
"1234"	22144	2214.3	3758.775	4966.263	-102.969	1290	1.708
"1235"	22165	2216.4	-3688.661	6714.936	-128.062	1291	4.295
"1236"	22167	2216.6	3751.555	4962.665	-107.962	1292	0.304
"1237"	22175	2217.4	3458.45	5642.349	-103.446	1293	7.566
"1238"	22198	2219.7	3718.407	5057.906	-109.211	1294	3.031
"1239"	22208	2220.7	3708.787	5073.091	-102.416	1295	2.893
"1240"	22246	2224.5	1082.478	-581.812	15.558	1296	7.778
"1241"	22252	2225.1	1100.262	-562.288	11.733	1297	5.775
"1242"	22253	2225.2	3666.045	5149.015	-110.606	1298	1.631
"1243"	22264	2226.3	-3466.169	7048.429	-149.491	1299	0.468
"1244"	22275	2227.4	3655.709	5190.948	-103.755	1300	2.485
"1245"	22301	2230	3634.294	5229.979	-104.459	1301	1.009
"1246"	22306	2230.5	3629.894	5240.679	-110.922	1302	2.254
"1247"	22312	2231.1	1189.657	-344.626	16.424	1303	4.759
"1248"	22321	2232	1211.025	-310.197	16.987	1304	2.962
"1249"	22329	2232.8	3603.872	5269.753	-112.247	1305	3.392
"1250"	22369	2236.8	3571.454	5339.868	-113.115	1306	1.868
"1251"	22383	2238.2	-3482.624	7008.308	-152.647	1307	1.295
"1252"	22384	2238.3	3402.557	1482.779	-61.855	1308	32.689
"1253"	22385	2238.4	1334.694	-67.582	14.787	1309	8.337
"1254"	22392	2239.1	3394.012	5858.149	-118.337	1310	7.437
"1255"	22396	2239.5	1358.029	-29.918	16.254	1311	7.093
"1256"	22410	2240.9	1384.911	12.619	13.972	1312	6.525
"1257"	22411	2241	3428.667	1468.451	-32.412	1313	7.25
"1258"	22424	2242.3	1418.109	56.89	15.311	1314	5.053
"1259"	22432	2243.1	3540.377	5438.881	-121.314	1315	2.553
"1260"	22443	2244.2	1472.53	113.176	3.443	1316	2.044
"1261"	22458	2245.7	1504.445	172.837	1.515	1317	4.334
"1262"	22490	2248.9	1583.703	276.787	4.29	1318	3.414
"1263"	22496	2249.5	3433.841	1472.567	-28.942	1319	4.165
"1264"	22546	2254.5	1689.979	416.975	6.018	1320	6.839
"1265"	22568	2256.7	1750.268	465.714	2.134	1321	4.167
"1266"	22585	2258.4	3442.142	1474.499	-26.066	1322	0.12
"1267"	22600	2259.9	3437.38	5754.954	-129.745	1323	1.976
"1268"	22603	2260.2	3445.926	1483.098	-22.766	1324	4.289
"1269"	22686	2268.5	3373.271	5922.46	-125.813	1325	1.87
"1270"	22715	2271.4	2157.19	778.293	-5.432	1326	10.67
"1271"	22786	2278.5	3317.093	6192.22	-118.827	1327	5.734
"1272"	22789	2278.8	2380.719	949.538	-8.471	1328	2.956
"1273"	22791	2279	3316.363	6195.612	-117.889	1329	0.915
"1274"	22796	2279.5	3314.141	6204.007	-120.653	1330	0.605
"1275"	22796	2279.5	3326.9	6144.435	-140.663	1331	2.479
"1276"	22801	2280	3307.77	6203.092	-127.407	1332	1.166
"1277"	22819	2281.8	2492.835	1007.911	-14.208	1333	10.318
"1278"	22821	2282	3308.592	6226.032	-119.274	1334	0.749
"1279"	22821	2282	3311.301	6186.583	-141.371	1335	8.384
"1280"	22826	2282.5	3306.895	6227.531	-117.479	1336	9.727
"1281"	22831	2283	3305.233	6233.469	-118.132	1337	1.924
"1282"	22850	2284.9	-1057.397	6736.902	-150.833	1338	0.06
"1283"	22875	2287.4	3276.629	6288.979	-140.473	1339	2.917
"1284"	22887	2288.6	3286.061	6280.523	-132.779	1340	0.885
"1285"	22942	2294.1	3236.77	6405.276	-145.371	1341	1.466
"1286"	23020	2301.9	3197.616	1394.614	-42.386	1342	6.533
"1287"	23025	2302.4	3214.236	1355.887	-13.698	1343	2.412
"1288"	23029	2302.8	3228.534	1359.695	-24.025	1344	2.879
"1289"	23066	2306.5	-3465.14	7108.573	-153.835	1345	1.125
"1290"	23079	2307.8	-3463.719	7099.639	-154.45	1346	4.486
"1291"	23114	2311.3	3507.573	1525.944	-25.882	1347	2.937
"1292"	23219	2321.8	3064.793	6874.681	-146.452	1348	8.417
"1293"	23266	2326.5	3058.986	6928.69	-157.744	1349	11.468
"1294"	23340	2333.9	3006.325	7051.076	-155.389	1350	7.379
"1295"	23353	2335.2	3497.529	1510.833	-25.389	1351	3.321
"1296"	23373	2337.2	2959.892	7104.492	-151.802	1352	2.042
"1297"	23378	2337.7	-3466.17	7047.764	-155.058	1353	0.013
"1298"	23384	2338.3	2963.968	7116.451	-163.952	1354	10.274
"1299"	23410	2340.9	4288.699	2358.411	-50.188	1355	1.83
"1300"	23456	2345.5	4376.685	2525.759	-54.708	1356	1.13
"1301"	23458	2345.7	2917.128	7195.586	-152.225	1357	1.029
"1302"	23543	2354.2	4483.51	2768.664	-57.192	1358	2.783
"1303"	23558	2355.7	4491.997	2811.078	-70.07	1359	3.909
"1304"	23589	2358.8	4504.48	2946.78	-62.219	1360	0.875
"1305"	23605	2360.4	4498.645	2998.139	-71.227	1361	4.671
"1306"	23620	2361.9	4513.044	3058.534	-63.379	1362	4.031
"1307"	23651	2365	4539.191	3161.178	-179.466	1363	5.561
"1308"	23663	2366.2	4531.076	3206.882	-175.563	1364	21.845
"1309"	23670	2366.9	4517.843	3247.482	-74.024	1365	3.701
"1310"	23681	2368	4524.85	3266.093	-170.846	1366	14.263
"1311"	23691	2369	4517.386	3315.037	-163.312	1367	1.05
"1312"	23705	2370.4	4509.065	3366.792	-154.199	1368	4.763
"1313"	23706	2370.5	3495.713	1509.181	-32.369	1369	2.697
"1314"	23715	2371.4	4485.029	3430.432	-77.358	1370	6.797
"1315"	23718	2371.7	3505.44	1523.207	-26.275	1371	2.534
"1316"	23725	2372.4	4482.911	3468.036	-78.479	1372	3.736
"1317"	23733	2373.2	4484.904	3499.053	-72.12	1373	4.651
"1318"	23751	2375	4463.142	3565.559	-79.818	1374	4.335
"1319"	23763	2376.2	4448.07	3612.812	-81.175	1375	0.787
"1320"	23818	2381.7	4377.326	3829.356	-77.284	1376	1.156
"1321"	23836	2383.5	4343.343	3879.932	-82.598	1377	23.77
"1322"	23841	2384	4363.472	3878	-77.106	1378	1.563
"1323"	23867	2386.6	3426.603	1476.978	-18.351	1379	2.572
"1324"	23870	2386.9	4338.134	3944.278	-73.399	1380	5.718
"1325"	23880	2387.9	4278.136	4016.577	-86.405	1381	5.867
"1326"	23882	2388.1	4321.233	3962.269	-78.633	1382	6.584
"1327"	23887	2388.6	4317.881	3971.093	-79.328	1383	1.484
"1328"	23893	2389.2	4253.687	4067.783	-87.413	1384	4.174
"1329"	23904	2390.3	4244.41	4108.056	-88.263	1385	4.575
"1330"	23906	2390.5	3479.281	1493.639	-21.841	1386	1.486
"1331"	23913	2391.2	3720.256	1675.057	-42.96	1387	0.226
"1332"	23920	2391.9	4207.863	4161.6	-92.652	1388	3.538
"1333"	23923	2392.2	3722.039	1675.343	-39.65	1389	0.744
"1334"	23934	2393.3	4274.864	4058.374	-81.431	1390	3.557
"1335"	23953	2395.2	4126.983	4278.533	-91.953	1391	3.622
"1336"	23956	2395.5	3551.977	1539.849	-21.39	1392	2.125
"1337"	23966	2396.5	4124.568	4315.173	-94.162	1393	1.203
"1338"	23969	2396.8	3733.169	1674.916	-27.719	1394	9.651
"1339"	23998	2399.7	4064.137	4414.612	-96.599	1395	2.827
"1340"	24004	2400.3	4197.996	4186.947	-82.697	1396	2.538
"1341"	24009	2400.8	4193.365	4194.597	-85.498	1397	3.228
"1342"	24012	2401.1	4047.844	4453.839	-91.524	1398	3.814
"1343"	24027	2402.6	4178.702	4233.556	-85.351	1399	1.773
"1344"	24038	2403.7	4163.675	4256.552	-87.223	1400	8.983
"1345"	24063	2406.2	3711.154	1653.574	-30.931	1401	4.452
"1346"	24076	2407.5	4130.086	4321.366	-87.749	1402	2.673
"1347"	24083	2408.2	4119.564	4331.207	-88.34	1403	2.528
"1348"	24096	2409.5	4103.124	4341.333	-85.238	1404	1.404
"1349"	24150	2414.9	4050.845	4434.229	-89.946	1405	2.145
"1350"	24166	2416.5	3794.045	4904.396	-98.912	1406	5.344
"1351"	24172	2417.1	3211.567	1391.123	-23.474	1407	5.893
"1352"	24198	2419.7	3230.745	1390.272	-23.688	1408	0.432
"1353"	24238	2423.7	3954.386	4599.772	-92.136	1409	3.393
"1354"	24257	2425.6	3938.346	4617.592	-96.723	1410	4.853
"1355"	24260	2425.9	3982.607	1907.898	-38.693	1411	6.885
"1356"	24262	2426.1	3948.114	4636.727	-84.647	1412	6.26
"1357"	24273	2427.2	3607.661	5280.576	-109.934	1413	3.205
"1358"	24273	2427.2	3953.449	4661.544	-85.385	1414	4.994
"1359"	24295	2429.4	3560.696	5361.962	-116.581	1415	9.237
"1360"	24309	2430.8	3551.886	5413.815	-112.075	1416	3.074
"1361"	24316	2431.5	3539.156	5438.769	-110.388	1417	6.6
"1362"	24322	2432.1	4055.714	1985.449	-39.442	1418	1.412
"1363"	24337	2433.6	4070.216	2008.51	-41.173	1419	5.057
"1364"	24340	2433.9	4075.211	2016.549	-37.984	1420	1.127
"1365"	24350	2434.9	3512.81	5506.245	-111.92	1421	5.137
"1366"	24375	2437.4	4098.103	2055.149	-44.891	1422	2.045
"1367"	24376	2437.5	3826.461	4836.256	-96.069	1423	3.492
"1368"	24379	2437.8	-1057.348	6736.907	-150.926	1424	0.037
"1369"	24379	2437.8	3458.395	5635.72	-116.127	1425	3.935
"1370"	24381	2438	3819.492	4836.846	-104.573	1426	6.822
"1371"	24388	2438.7	3808.546	4850.732	-104.404	1427	2.174
"1372"	24394	2439.3	3433.613	5699.461	-115.092	1428	1.866
"1373"	24412	2441.1	4137.923	2117.125	-43.499	1429	1.179
"1374"	24416	2441.5	3416.071	5796.383	-119.862	1430	3.887
"1375"	24421	2442	4141.847	2132.515	-40.52	1431	2.477
"1376"	24426	2442.5	3405.534	5836.642	-116.774	1432	4.593
"1377"	24438	2443.7	3405.645	5882.484	-132.453	1433	1.237
"1378"	24455	2445.4	3373.08	5944.285	-128.174	1434	7.02
"1379"	24462	2446.1	3364.488	5976.83	-122.517	1435	3.894
"1380"	24468	2446.7	3738.865	5022.44	-103.242	1436	3.302
"1381"	24478	2447.7	3353.378	6029.742	-126.188	1437	8.08
"1382"	24480	2447.9	4218.527	2209.091	-44.104	1438	4.866
"1383"	24488	2448.7	3359.309	6046.535	-133.666	1439	8.603
"1384"	24489	2448.8	-3346.961	7305.518	-156.614	1440	34.71
"1385"	24509	2450.8	4247.711	2254.804	-45.526	1441	1.966
"1386"	24520	2451.9	3319.966	6156.912	-143.03	1442	15.248
"1387"	24543	2454.2	4276.112	2302.505	-48.918	1443	2.207
"1388"	24553	2455.2	3284.61	6266.749	-139.688	1444	7.537
"1389"	24561	2456	3279.198	6299.519	-143.001	1445	10.639
"1390"	24562	2456.1	4293.271	2331.97	-47.775	1446	2.756
"1391"	24564	2456.3	3637.466	5227.084	-108.329	1447	2.386
"1392"	24578	2457.7	3257.992	6371.757	-144.016	1448	11.408
"1393"	24580	2457.9	4304.879	2364.314	-47.376	1449	5.229
"1394"	24588	2458.7	3257.315	6412.914	-142.629	1450	5.818
"1395"	24589	2458.8	3611.576	5278.162	-107.593	1451	1.161
"1396"	24595	2459.4	4315.389	2389.808	-49.938	1452	4.245
"1397"	24595	2459.4	3607.279	5286.423	-112.368	1453	1.284
"1398"	24609	2460.8	3211.277	6488.92	-136.874	1454	5.75
"1399"	24618	2461.7	4335.087	2430.364	-49.097	1455	5.363
"1400"	24618	2461.7	3208.691	6514.407	-134.325	1456	2.357
"1401"	24635	2463.4	4353.199	2454.331	-47.245	1457	3.538
"1402"	24644	2464.3	3563.911	5372.773	-118.684	1458	4.164
"1403"	24667	2466.6	3542.765	5422.366	-109.572	1459	1.503
"1404"	24670	2466.9	3151.057	6669.607	-148.644	1460	2.647
"1405"	24672	2467.1	3539.103	5428.76	-113.085	1461	3.434
"1406"	24676	2467.5	3146.886	6679.256	-134.418	1462	15.049
"1407"	24684	2468.3	4377.897	2487.566	-50.692	1463	1.304
"1408"	24686	2468.5	3123.001	6727.838	-150.549	1464	2.026
"1409"	24700	2469.9	3093.124	6787.859	-147.311	1465	5.482
"1410"	24701	2470	-1057.378	6736.861	-150.926	1466	0.031
"1411"	24712	2471.1	4389.098	2518.536	-51.549	1467	1.864
"1412"	24725	2472.4	3089.901	6896.64	-153.574	1468	4.237
"1413"	24736	2473.5	3093.407	6925.011	-154.005	1469	7.494
"1414"	24737	2473.6	4401.294	2556.239	-48.369	1470	1.148
"1415"	24751	2475	4416.285	2583.325	-52.292	1471	2.122
"1416"	24776	2477.5	2998.113	7046.759	-157.894	1472	2.153
"1417"	24783	2478.2	4435.205	2632.844	-56.913	1473	54.761
"1418"	24784	2478.3	4431.361	2656.233	-17.269	1474	19.902
"1419"	24793	2479.2	4444.85	2650.975	-54.071	1475	0.696
"1420"	24793	2479.2	4461.169	2681.53	-58.142	1476	2.602
"1421"	24821	2482	4462.645	2692.542	-52.713	1477	0.658
"1422"	24836	2483.5	2897.444	7211.085	-149.537	1478	4.05
"1423"	24845	2484.4	4472.281	2728.864	-57.061	1479	0.081
"1424"	24867	2486.6	2819.628	7321.669	-152.974	1480	6.509
"1425"	24871	2487	4486.497	2767.934	-55.828	1481	1.813
"1426"	24916	2491.5	2701.202	7478.712	-156.389	1482	5.034
"1427"	24926	2492.5	3368.777	5982.874	-119.858	1483	5.555
"1428"	24931	2493	2660.257	7523.221	-161.892	1484	7.39
"1429"	24936	2493.5	4500.242	2884.676	-67.793	1485	1.698
"1430"	24946	2494.5	4505.372	2907.828	-56.214	1486	2.498
"1431"	24977	2497.6	4516.487	2965.88	-71.067	1487	1.149
"1432"	24989	2498.8	4521.769	2986.417	-61.789	1488	0.81
"1433"	24997	2499.6	2526.828	7693.601	-170.306	1489	6.817
"1434"	25004	2500.3	4528.995	3005.651	-58.394	1490	1.596
"1435"	25015	2501.4	4372.601	2543.296	-57.369	1491	1.792
"1436"	25029	2502.8	2440.91	7768.413	-162.468	1492	3.437
"1437"	25039	2503.8	4525.176	3061.67	-70.552	1493	2.083
"1438"	25087	2508.6	2260.594	7939.134	-168.55	1494	4.077
"1439"	25098	2509.7	3268.586	6345.861	-137.316	1495	3.79
"1440"	25099	2509.8	4528.47	3163.202	-71.147	1496	2.787
"1441"	25120	2511.9	2165.07	8008.493	-171.627	1497	4.534
"1442"	25139	2513.8	3244.796	6426.822	-136.985	1498	3.514
"1443"	25162	2516.1	2044.959	8104.123	-171.4	1499	4.373
"1444"	25176	2517.5	-1057.369	6736.843	-150.852	1500	0.13
"1445"	25179	2517.8	4507.877	3309.722	-72.738	1501	1.125
"1446"	25204	2520.3	3184.118	6517.699	-142.081	1502	1.094
"1447"	25231	2523	3183.205	6579.411	-143.327	1503	1.897
"1448"	25244	2524.3	1747.715	8224.762	-177.927	1504	5.031
"1449"	25244	2524.3	4509.546	3440.609	-75.866	1505	2.264
"1450"	25255	2525.4	1708.929	8239.396	-177.218	1506	3.924
"1451"	25293	2529.2	4493.764	3523.391	-74.269	1507	3.398
"1452"	25299	2529.8	4491.441	3536.063	-77.895	1508	2.356
"1453"	25304	2530.3	-1057.121	6762.549	-145.906	1509	25.62
"1454"	25316	2531.5	4482.946	3559.828	-78.619	1510	0.645
"1455"	25332	2533.1	3114.654	6785.485	-147.346	1511	4.48
"1456"	25335	2533.4	4476.626	3587.515	-78.043	1512	0.755
"1457"	25353	2535.2	4472.017	3611.667	-77.266	1513	0.591
"1458"	25359	2535.8	1365.782	8271.23	-174.034	1514	4.925
"1459"	25363	2536.2	4471.049	3616.737	-82.997	1515	1.239
"1460"	25367	2536.6	1329.896	8268.01	-180.197	1516	7.356
"1461"	25374	2537.3	1299.733	8267.916	-179.055	1517	5.318
"1462"	25379	2537.8	-1820.487	8258.588	-177.408	1518	2.146
"1463"	25414	2541.3	3070.488	6923.491	-150.847	1519	0.942
"1464"	25422	2542.1	1130.381	8268.677	-181.424	1520	5.526
"1465"	25423	2542.2	4486.377	3675.739	-70.889	1521	2.684
"1466"	25450	2544.9	4469.689	3720.05	-80.808	1522	1.264
"1467"	25473	2547.2	953.359	8254.257	-180.319	1523	5.097
"1468"	25478	2547.7	4457.442	3767.753	-81.15	1524	2.213
"1469"	25503	2550.2	4434.661	3809.947	-80.752	1525	3.24
"1470"	25504	2550.3	818.026	8247.539	-176.27	1526	4.823
"1471"	25520	2551.9	744.672	8239.144	-176.913	1527	4.769
"1472"	25520	2551.9	4429.704	3843.489	-83.791	1528	2.422
"1473"	25528	2552.7	3729.862	5019.681	-101.211	1529	2.285
"1474"	25529	2552.8	4414.589	3844.821	-76.278	1530	0.536
"1475"	25573	2557.2	521.081	8218.11	-182.671	1531	6.216
"1476"	25582	2558.1	492.505	8206.207	-181.142	1532	2.06
"1477"	25587	2558.6	4418.117	3875.788	-83.091	1533	0.846
"1478"	25603	2560.2	4410.157	3897.552	-84	1534	0.888
"1479"	25616	2561.5	3717.836	5082.913	-109.62	1535	0.984
"1480"	25625	2562.4	3717.794	5083.142	-104.741	1536	1.013
"1481"	25741	2574	4331.663	3974.963	-84.184	1537	1.151
"1482"	25762	2576.1	3648.467	5207.638	-102.089	1538	0.832
"1483"	25782	2578.1	-316.068	8219.194	-181.024	1539	4.336
"1484"	25820	2581.9	4266.36	4101.051	-92.122	1540	1.293
"1485"	25832	2583.1	-439.69	8227.206	-177.223	1541	2.884
"1486"	25844	2584.3	3596.902	5321.201	-103.242	1542	0.671
"1487"	25848	2584.7	4247.58	4143.309	-89.928	1543	1.34
"1488"	25866	2586.5	4237.208	4170.529	-85.32	1544	0.768
"1489"	25884	2588.3	-603.022	8254.452	-181.828	1545	3.938
"1490"	25909	2590.8	4201.718	4221.521	-88.221	1546	1.724
"1491"	25921	2592	-712.623	8238.805	-174.855	1547	5.033
"1492"	25921	2592	4190.451	4242.59	-88.356	1548	2.003
"1493"	25972	2597.1	-1057.402	6736.892	-150.906	1549	0.051
"1494"	25993	2599.2	-978.729	8237.598	-181.668	1550	3.237
"1495"	25997	2599.6	-1057.093	6762.464	-145.713	1551	25.545
"1496"	26003	2600.2	4122.405	4341.189	-88.591	1552	2.365
