"frame_number"	"time_in_deciseconds"	"X"	"Y"	"Z"	"ID"	"distance"
"1"	366	36.5	-3369.075	7299.535	-119.58	1	NA
"2"	5	0.4	4648.125	789.192	-12.879	2	NA
"3"	440	43.9	4005.996	1971.618	-41.45	3	NA
"4"	1999	199.8	-1416.658	8227.221	-176.25	4	NA
"5"	4000	399.9	-1918.053	8223.751	-176.409	5	NA
"6"	7	0.6	4653.925	729.723	-9.35	6	NA
"7"	3215	321.4	-2428.28	8167.587	-175.674	7	NA
"8"	31	3	4601.652	739.23	-9.803	8	NA
"9"	4947	494.6	3263.318	6303.652	-140.623	9	NA
"10"	481	48	-3375.482	7226.162	-44.971	11	NA
"11"	5483	548.2	1054.841	-536.043	9.759	12	NA
"12"	180	17.9	-3224.598	7409.283	-167.197	13	NA
"13"	34	3.3	4516.596	836.862	-6.511	14	NA
"14"	2884	288.3	-2678.678	578.897	2.107	15	NA
"15"	34	3.3	4564.408	756.868	-7.661	17	NA
"16"	12	1.1	4454.76	2692.386	-59.766	18	NA
"17"	4395	439.4	-3518.008	6938.523	-149.848	19	NA
"18"	518	51.7	-2730.56	7992.32	-168.297	20	NA
"19"	851	85	-3175.178	7577.565	-165.015	21	NA
"20"	3220	321.9	-3451.032	7075.973	-149.343	22	NA
"21"	18	1.7	2589.194	7631.818	-170.504	24	NA
"22"	12	1.1	4648.523	746.66	-11.87	37	NA
"23"	17	1.6	4643.845	808.393	-8.578	38	NA
"24"	16	1.5	865.742	-966.81	20.737	39	NA
"25"	17	1.6	4769.951	657.026	-54.705	40	NA
"26"	29	2.8	4647.588	745.985	-11.643	41	NA
"27"	22	2.1	4644.501	814.339	4.759	43	NA
"28"	22	2.1	4646.681	746.523	-10.668	44	NA
"29"	27	2.6	4769.975	657.024	-54.013	45	NA
"30"	60	5.9	2526.566	7688.854	-161.406	47	NA
"31"	31	3	4645.272	806.415	-14.196	52	NA
"32"	409	40.8	4481.623	3499.834	-66.99	55	NA
"33"	70	6.9	4518.691	909.494	-12.268	56	NA
"34"	37	3.6	4507.368	965.388	27.103	57	NA
"35"	43	4.2	874.281	-924.19	25.436	58	NA
"36"	34	3.3	4636.633	805.48	-26.243	59	NA
"37"	37	3.6	4589.28	1007.82	-7.574	60	NA
"38"	32	3.1	4706.414	826.214	-62.052	61	NA
"39"	33	3.2	4504.683	997.905	-13.969	62	NA
"40"	38	3.7	4288.18	898.22	-14.636	64	NA
"41"	37	3.6	4290.308	891.593	0.926	65	NA
"42"	37	3.6	4603.026	872.831	-51.693	66	NA
"43"	4508	450.7	4659.363	1232.615	-24.202	67	NA
"44"	38	3.7	4329.057	891.25	-9.555	71	NA
"45"	84	8.3	4361.931	949.962	-8.192	72	NA
"46"	83	8.2	4290.322	965.771	-14.734	73	NA
"47"	84	8.3	4373.384	889.242	3.6	76	NA
"48"	83	8.2	4294.524	903.33	-10.458	78	NA
"49"	82	8.1	4245.62	922.813	-15.127	80	NA
"50"	66	6.5	4588.339	1000.824	-17.017	81	NA
"51"	4508	450.7	4660.99	1143.604	-8.34	82	NA
"52"	66	6.5	4591.89	907.323	-12.674	83	NA
"53"	96	9.5	4724.403	891.331	-6.626	84	NA
"54"	42	4.1	4399.669	819.771	-8.73	85	NA
"55"	4493	449.2	4632.231	647.164	-3.874	86	NA
"56"	83	8.2	4448.21	828.506	-13.307	87	NA
"57"	82	8.1	4507.195	752.144	-9.997	88	NA
"58"	85	8.4	4473.689	901.425	42.709	89	NA
"59"	80	7.9	4505.64	750.813	-9.184	91	NA
"60"	66	6.5	4628.699	883.165	-30.708	92	NA
"61"	66	6.5	4622.167	978.693	-31.454	93	NA
"62"	436	43.5	2010.768	8115.096	-173.262	94	NA
"63"	71	7	4561.932	963.29	-11.17	95	NA
"64"	71	7	4640.654	966.966	-50.782	96	NA
"65"	72	7.1	4601.488	1002.658	-17.031	97	NA
"66"	81	8	4693.584	1073.391	-7.317	98	NA
"67"	95	9.4	4629.077	1079.213	-14.087	99	NA
"68"	79	7.8	4701.839	1161.407	-17.869	100	NA
"69"	80	7.9	-1057.41	6736.998	-151.019	101	NA
"70"	89	8.8	907.23	-857.682	27.282	102	NA
"71"	4504	450.3	4714.087	1131.217	-21.529	103	NA
"72"	88	8.7	4725.825	886.17	-16.401	104	NA
"73"	88	8.7	4692.962	1074.149	-5.447	105	NA
"74"	4493	449.2	4632.612	720.88	20.01	106	NA
"75"	112	11.1	4758.348	937.894	-34.25	107	NA
"76"	4494	449.3	4638.569	891.207	4.635	108	NA
"77"	4494	449.3	4634.52	943.964	32.765	109	NA
"78"	4491	449	4688.391	697.215	-9.64	110	NA
"79"	4494	449.3	4682.405	881.301	4.735	111	NA
"80"	4493	449.2	4681.712	635.364	-4.988	112	NA
"81"	500	49.9	4714.928	631.611	-42.011	113	NA
"82"	502	50.1	4755.226	646.579	-15.989	114	NA
"83"	97	9.6	4731.209	1112.561	-20.609	115	NA
"84"	4509	450.8	4670.609	1191.655	-11.155	116	NA
"85"	101	10	4742.831	1154.697	59.365	117	NA
"86"	107	10.6	4849.302	807.899	-58.411	118	NA
"87"	108	10.7	4755.103	802.821	-124.505	119	NA
"88"	4506	450.5	4726.186	1224.797	-24.318	120	NA
"89"	113	11.2	4849.681	807.549	-57.234	121	NA
"90"	4490	448.9	4727.564	956.591	-17.564	122	NA
"91"	4494	449.3	4725.806	889.299	5.263	123	NA
"92"	116	11.5	4745.854	1305.191	86.315	124	NA
"93"	124	12.3	933.898	-800.709	26.09	125	NA
"94"	541	54	-3227.45	7424.277	-157.575	126	NA
"95"	319	31.8	1131.975	-505.932	9.892	127	NA
"96"	328	32.7	1136.276	-488.197	9.1	128	NA
"97"	371	37	-3381.961	7223.025	-52.687	129	NA
"98"	374	37.3	1164.274	-385.101	29.909	130	NA
"99"	395	39.4	1204.511	-370.021	7.182	131	NA
"100"	421	42	4473.135	3521.996	-69.188	132	NA
"101"	433	43.2	-1057.562	6736.978	-150.864	133	NA
"102"	444	44.3	4464.003	3568.438	-69.894	134	NA
"103"	442	44.1	1245.97	-290.915	8.165	135	NA
"104"	457	45.6	4454.152	3601.165	-69.616	136	NA
"105"	473	47.2	4004.16	1966.727	-36.468	137	NA
"106"	521	52	1935.381	8160.295	-173.432	138	NA
"107"	480	47.9	4437.86	3613.601	-72.052	139	NA
"108"	485	48.4	4007.931	1955.528	-42.057	140	NA
"109"	494	49.3	4016.832	1954.613	-41.42	142	NA
"110"	507	50.6	4805.67	544.927	-30.605	143	NA
"111"	507	50.6	4761.942	520.723	-180.494	144	NA
"112"	4491	449	4721.927	669.435	-8.587	145	NA
"113"	4492	449.1	4725.826	617.203	-5.817	146	NA
"114"	508	50.7	4028.712	1957.476	-41.106	147	NA
"115"	520	51.9	4028.033	1957.562	-37.72	148	NA
"116"	736	73.5	-3018.842	7748.524	-166.478	151	NA
"117"	681	68	1662.635	8253.209	-175.391	152	NA
"118"	560	55.9	4042.776	1984.083	-46.559	153	NA
"119"	564	56.3	-3349.765	7285.997	-55.759	154	NA
"120"	558	55.7	4431.818	3679.574	-73.787	155	NA
"121"	579	57.8	4056.768	2000.865	-47.407	157	NA
"122"	572	57.1	4420.299	3710.939	-72.663	158	NA
"123"	585	58.4	-1057.538	6736.95	-150.954	159	NA
"124"	597	59.6	4397.286	3747.927	-81.545	160	NA
"125"	599	59.8	4063.996	2001.096	-50.834	161	NA
"126"	604	60.3	4072.287	2009.958	-47.36	162	NA
"127"	7527	752.6	4072.97	2013.387	-44.599	163	NA
"128"	642	64.1	4371.737	3838.256	-77.236	164	NA
"129"	629	62.8	4372.347	3810.536	-76.086	165	NA
"130"	631	63	-1057.455	6736.987	-150.825	166	NA
"131"	652	65.1	4372.395	3858.567	-77.139	167	NA
"132"	676	67.5	4345.208	3897.91	-85.206	169	NA
"133"	697	69.6	4323.036	3941.765	-82.897	171	NA
"134"	713	71.2	1588.501	8263.278	-175.084	172	NA
"135"	704	70.3	4318.934	3950.795	-78.165	173	NA
"136"	713	71.2	4309.675	3968.451	-78.005	175	NA
"137"	770	76.9	1457.985	8271.686	-176.299	176	NA
"138"	734	73.3	4297.697	3992.664	-87.553	177	NA
"139"	844	84.3	-1056.811	6736.653	-150.887	178	NA
"140"	754	75.3	4288.478	4029.063	-79.405	179	NA
"141"	1127	112.6	-3394.344	7156.043	-149.343	181	NA
"142"	787	78.6	1413.908	8270.627	-177.981	182	NA
"143"	836	83.5	1315.298	8271.99	-177.137	183	NA
"144"	833	83.2	4216.431	4157.091	-85.392	184	NA
"145"	847	84.6	4209.067	4184.964	-85.969	185	NA
"146"	864	86.3	1262.993	8276.082	-178.181	186	NA
"147"	889	88.8	4152.804	4258.559	-89.443	187	NA
"148"	1013	101.2	-3299.538	7364.489	-156.695	188	NA
"149"	890	88.9	1214.558	8274.713	-177.656	189	NA
"150"	881	88	-1056.907	6736.697	-150.868	190	NA
"151"	898	89.7	4145.071	4268.431	-88.215	191	NA
"152"	906	90.5	4134.996	4278.472	-85.72	192	NA
"153"	942	94.1	-1057.14	6736.823	-150.888	193	NA
"154"	924	92.3	1147.989	8259.661	-177.983	194	NA
"155"	934	93.3	4113.847	4334.131	-87.455	195	NA
"156"	956	95.5	4085.805	4362.201	-90.419	196	NA
"157"	955	95.4	1075.215	8252.545	-177.651	197	NA
"158"	1405	140.4	149.652	8233.674	-175.629	198	NA
"159"	972	97.1	4073.234	4386.551	-90.027	199	NA
"160"	997	99.6	4057.212	4433.969	-92.255	201	NA
"161"	1040	103.9	-1057.604	6736.966	-150.882	203	NA
"162"	1155	115.4	-3411.088	7238.525	-156.056	204	NA
"163"	1072	107.1	-1057.654	6737.056	-150.887	205	NA
"164"	1073	107.2	3977.864	4555.501	-95.276	206	NA
"165"	1100	109.9	-1057.556	6736.94	-150.84	207	NA
"166"	1115	111.4	3938.345	4624.297	-92.952	208	NA
"167"	1131	113	-1057.542	6736.999	-150.829	209	NA
"168"	1142	114.1	3943.297	4663.505	-91.849	210	NA
"169"	1179	117.8	-3416.392	7118.419	-148.207	211	NA
"170"	1232	123.1	-3451.92	7154.88	-153.605	212	NA
"171"	1171	117	3921.523	4688.071	-95.666	213	NA
"172"	1199	119.8	3934.612	4698.246	-86.705	214	NA
"173"	1204	120.3	3925.153	4702.13	-95.56	215	NA
"174"	1232	123.1	3900.449	4730.201	-99.107	216	NA
"175"	1248	124.7	-3440.329	7119.15	-82.098	217	NA
"176"	1242	124.1	3899.136	4740.276	-95.312	218	NA
"177"	1248	124.7	3893.076	4748.692	-97.664	219	NA
"178"	1276	127.5	-3465.741	7132.809	-153.713	220	NA
"179"	1418	141.7	-3502.275	7054.192	-152.835	221	NA
"180"	1311	131	-1057.279	6736.906	-150.87	222	NA
"181"	1325	132.4	3812.553	4866.238	-102.108	223	NA
"182"	1386	138.5	-3516.721	6940.221	-144.47	224	NA
"183"	1398	139.7	-1056.924	6736.719	-150.848	225	NA
"184"	1871	187	-731.654	8233.728	-173.62	226	NA
"185"	1421	142	-3531.425	6931.088	-148.682	227	NA
"186"	1439	143.8	-3509.436	7036.829	-153.269	228	NA
"187"	1450	144.9	-1057.415	6736.933	-150.843	229	NA
"188"	1511	151	-3542.312	6962.294	-150.152	230	NA
"189"	1581	158	-1057.413	6736.943	-150.931	231	NA
"190"	1515	151.4	2576.298	1026.847	-12.444	232	NA
"191"	1510	150.9	2569.509	1024.829	-23.913	233	NA
"192"	1538	153.7	-3594.107	6821.446	-133.378	234	NA
"193"	1571	157	-3626.41	6776.751	-127.991	235	NA
"194"	1598	159.7	-1057.513	6748.309	-175.239	236	NA
"195"	1615	161.4	-3676.955	6721.076	-124.801	237	NA
"196"	1618	161.7	-1057.024	6736.805	-150.916	238	NA
"197"	1666	166.5	3525.688	5418.244	-109.236	239	NA
"198"	1706	170.5	-1056.973	6736.714	-150.917	240	NA
"199"	1666	166.5	3520.239	5420.437	-105.784	241	NA
"200"	1671	167	3528.604	5425.149	-107.639	242	NA
"201"	1857	185.6	-1057.295	6736.885	-150.928	243	NA
"202"	1860	185.9	3430.104	5745.947	-124.02	244	NA
"203"	3252	325.1	-3254.298	7454.927	-158.997	245	NA
"204"	1893	189.2	3214.056	1344.246	-24.661	246	NA
"205"	2106	210.5	-1057.028	6736.758	-150.981	247	NA
"206"	2037	203.6	-1405.426	8235.433	-175.081	248	NA
"207"	2049	204.8	3326.96	6100.355	-135.832	249	NA
"208"	2055	205.4	-1385.741	8256.235	-175.336	250	NA
"209"	2146	214.5	-1500.844	8260.79	-167.898	251	NA
"210"	10393	1039.2	-1057	6736.782	-150.941	252	NA
"211"	2162	216.1	3601.351	1580.889	-28.795	253	NA
"212"	2173	217.2	-1554.115	8285.325	-168.355	254	NA
"213"	2173	217.2	3612.151	1583.547	-30.277	255	NA
"214"	2205	220.4	-1606.956	8282.118	-170.319	256	NA
"215"	2419	241.8	-2056.297	8210.566	-172.936	257	NA
"216"	2249	224.8	3231.959	6437.655	-141.044	258	NA
"217"	2488	248.7	-2210.659	8205.363	-174.797	259	NA
"218"	2631	263	-2495.677	8100.597	-171.138	260	NA
"219"	2528	252.7	-1057.747	6737.095	-150.91	261	NA
"220"	2650	264.9	2945.027	7136.978	-160.679	262	NA
"221"	2751	275	-2737.164	7978.205	-172.1	263	NA
"222"	2706	270.5	2892.378	7221.081	-160.807	264	NA
"223"	2801	280	-2817.683	7910.588	-164.717	265	NA
"224"	2816	281.5	4375.485	2485.476	-51.334	266	NA
"225"	3202	320.1	-3260.38	7403.928	-154.423	267	NA
"226"	2922	292.1	-2693.399	533.127	-4.955	268	NA
"227"	3180	317.9	-2671.704	149.435	6.508	269	NA
"228"	3010	300.9	2574.513	7632.236	-169.551	270	NA
"229"	3127	312.6	2515.124	7714.581	-162.228	271	NA
"230"	3212	321.1	2486.898	7718.888	-161.705	272	NA
"231"	3183	318.2	4520.875	3157.176	-73.012	273	NA
"232"	3295	329.4	-2657.66	-31.577	7.249	274	NA
"233"	3404	340.3	-3380.3	7217.181	-151.097	275	NA
"234"	3235	323.4	2457.029	7753.069	-163.899	276	NA
"235"	3384	338.3	-3531.182	6930.406	-149.28	277	NA
"236"	3246	324.5	2429.378	7775.779	-162.577	278	NA
"237"	3346	334.5	-3306.173	7346.209	-156.491	279	NA
"238"	3276	327.5	2374.755	7830.808	-162.314	280	NA
"239"	4266	426.5	-2346.326	8153.662	-174.677	281	NA
"240"	3286	328.5	2346.781	7839.331	-165.476	282	NA
"241"	3312	331.1	2319.837	7884.344	-165.72	283	NA
"242"	3331	333	-2649.355	-90.568	8.842	284	NA
"243"	3359	335.8	2247.081	7942.371	-166.48	285	NA
"244"	3361	336	-2646.611	-136.967	10.083	287	NA
"245"	3382	338.1	-3332.953	7314.535	-157.004	289	NA
"246"	3392	339.1	-2635.648	-192.716	19.985	290	NA
"247"	3407	340.6	2175.727	8018.314	-170.246	291	NA
"248"	3435	343.4	-3359.885	7233.686	-153.471	292	NA
"249"	3432	343.1	-2637.154	-253.543	12.924	293	NA
"250"	3499	349.8	-3420.915	7120.732	-149.49	294	NA
"251"	3448	344.7	-3567.691	6856.482	-137.799	295	NA
"252"	3454	345.3	2083.159	8077.115	-171.579	296	NA
"253"	3553	355.2	-3420.17	7160.706	-154.946	297	NA
"254"	3458	345.7	-2633.048	-295.977	12.188	298	NA
"255"	3601	360	-3691.453	6702.032	-124.412	299	NA
"256"	3471	347	-2631.122	-310.187	10.328	300	NA
"257"	3469	346.8	2054.308	8100.21	-172.648	301	NA
"258"	3549	354.8	1894.875	8191.583	-173.397	302	NA
"259"	3545	354.4	-2630.066	-412.036	13.804	303	NA
"260"	3588	358.7	-2609.455	-492.923	21.737	304	NA
"261"	3612	361.1	-3428.238	7119.763	-152.62	305	NA
"262"	3591	359	1819.287	8207.452	-175.489	306	NA
"263"	3623	362.2	-2598.531	-546.461	16.581	307	NA
"264"	3646	364.5	1679.488	8251.606	-178.543	308	NA
"265"	3649	364.8	-3728.958	6670.492	-124.262	309	NA
"266"	3649	364.8	-3500.476	7026.736	-152.642	310	NA
"267"	3694	369.3	-2573.552	-662.782	20.639	311	NA
"268"	3671	367	1618.876	8260.616	-177.81	312	NA
"269"	3662	366.1	-3505.675	7018.266	-148.115	313	NA
"270"	3755	375.4	-3913.175	6559.607	-130.654	314	NA
"271"	3708	370.7	-3431.234	7121.328	-148.297	315	NA
"272"	3738	373.7	-3525.197	6947.121	-148.972	316	NA
"273"	3715	371.4	1518.027	8274.413	-178.779	317	NA
"274"	3830	382.9	-3475.831	7084.049	-149.378	318	NA
"275"	3793	379.2	-2525.99	-827.021	23.971	319	NA
"276"	3738	373.7	1463.905	8274.181	-177.435	320	NA
"277"	3756	375.5	1413.603	8270.543	-180.758	321	NA
"278"	3846	384.5	-3481.256	7068.978	-151.169	322	NA
"279"	3858	385.7	1171.802	8261.894	-178.074	323	NA
"280"	3860	385.9	-4073.762	6514.373	-148.799	324	NA
"281"	3861	386	-2478.17	-931.534	32.37	325	NA
"282"	4890	488.9	-1491.607	-1921.913	44.092	326	NA
"283"	4047	404.6	-3531.748	6939.037	-154.988	327	NA
"284"	3936	393.5	969.215	8246.739	-178.79	328	NA
"285"	3944	394.3	-3656.464	6738.744	-127.033	329	NA
"286"	3948	394.7	935.85	8243.434	-179.871	330	NA
"287"	4005	400.4	792.668	8231.515	-179.485	331	NA
"288"	4023	402.2	-1927.199	8237.768	-175.079	332	NA
"289"	4669	466.8	-718.3	8241.358	-178.219	333	NA
"290"	4037	403.6	-1951.038	8231.688	-174.614	334	NA
"291"	4050	404.9	-1984.145	8232.271	-176.444	335	NA
"292"	4061	406	-2018.452	8229.516	-176.291	336	NA
"293"	4074	407.3	-2054.527	8234.083	-175.312	337	NA
"294"	4082	408.1	-3532.824	6940.721	-154.96	338	NA
"295"	4112	411.1	-2166.962	8205.843	-179.925	339	NA
"296"	4129	412.8	-3517.219	6951.141	-150.899	340	NA
"297"	5037	503.6	-2194.899	8207.169	-171.495	341	NA
"298"	4181	418	-3509.806	6977.58	-152.867	342	NA
"299"	4199	419.8	-3509.437	6982.011	-147.359	343	NA
"300"	4215	421.4	-3501.45	6990.195	-148.518	344	NA
"301"	4236	423.5	3939.665	4609.876	-96.54	345	NA
"302"	4248	424.7	-3492.787	7025.882	-155.035	346	NA
"303"	4267	426.6	-3484.558	7038.812	-155.443	347	NA
"304"	4285	428.4	-3481.565	7053.997	-152.893	348	NA
"305"	4309	430.8	-3954.309	6546.714	-132.763	349	NA
"306"	4389	438.8	-2341.108	8153.725	-175.946	350	NA
"307"	4323	432.2	-3500.33	7046.111	-151.792	351	NA
"308"	4364	436.3	-3517.377	7011.98	-152.745	352	NA
"309"	4404	440.3	3947.8	4601.903	-100.597	353	NA
"310"	4380	437.9	-3519.034	6992.78	-151.787	354	NA
"311"	4384	438.3	-3879.563	6576.326	-125.888	355	NA
"312"	4395	439.4	-3521.216	6981.988	-151.594	356	NA
"313"	4402	440.1	-3505.323	6949.916	-84.336	357	NA
"314"	4427	442.6	-3521.075	6932.7	-154.661	358	NA
"315"	4465	446.4	-2394.106	8123.856	-172.076	359	NA
"316"	4427	442.6	-3519.144	6975.053	-149.475	360	NA
"317"	4433	443.2	-3519.26	6950.682	-119.249	361	NA
"318"	4439	443.8	-3524.189	6934.651	-156.169	362	NA
"319"	4455	445.4	-3528.106	6935.938	-155.337	363	NA
"320"	4838	483.7	3880.315	4775.873	-107.058	364	NA
"321"	4532	453.1	-3793.425	6632.173	-120.809	365	NA
"322"	4525	452.4	-3536.025	6931.381	-151.408	366	NA
"323"	4974	497.3	-2275.183	8177.639	-174.302	367	NA
"324"	4576	457.5	-3810.824	6619.515	-123.98	368	NA
"325"	4768	476.7	-3739.62	6667.016	-127.168	369	NA
"326"	4602	460.1	-3524.849	6961.644	-151.767	370	NA
"327"	4727	472.6	-3527.748	6950.142	-151.144	383	NA
"328"	4648	464.7	-3837.721	6603.309	-123.709	384	NA
"329"	4695	469.4	-3848.707	6595.788	-127.863	385	NA
"330"	4746	474.5	-911.046	8240.281	-173.17	386	NA
"331"	4879	487.8	-3540.879	6946.438	-150.658	431	NA
"332"	4850	484.9	-1121.332	8236.471	-178.514	447	NA
"333"	4791	479	-3773.842	6642.97	-126.331	448	NA
"334"	4817	481.6	-3793.012	6631.013	-124.982	449	NA
"335"	4811	481	4041.056	4858.361	77.073	450	NA
"336"	4842	484.1	3880.503	4831.881	67.055	453	NA
"337"	4815	481.4	3864.872	4730.032	-1.558	454	NA
"338"	4815	481.4	3876.636	4773.979	-113.692	455	NA
"339"	4842	484.1	3955.226	4825.988	65.234	456	NA
"340"	4843	484.2	3952.202	4884.568	83.652	457	NA
"341"	4843	484.2	3979.164	4790.153	75.325	458	NA
"342"	4842	484.1	3905.047	4737.485	72.779	459	NA
"343"	4827	482.6	-3904.617	6563.768	-130.349	460	NA
"344"	4828	482.7	3876.617	4773.95	-113.571	461	NA
"345"	4952	495.1	3891.23	4783.768	-88.752	463	NA
"346"	4857	485.6	-3836.55	6600.905	-125.657	472	NA
"347"	4877	487.6	-1148.505	8215.561	-173.456	473	NA
"348"	4885	488.4	-3865.087	6586.49	-127.412	474	NA
"349"	4897	489.6	-1481.588	-1924.591	45.094	475	NA
"350"	4996	499.5	-1331.351	8268.159	-174.651	476	NA
"351"	4970	496.9	3335.228	6285.792	18.291	488	NA
"352"	4970	496.9	3257.787	6256.662	32.66	489	NA
"353"	4950	494.9	3311.42	6341.121	-31.621	490	NA
"354"	4970	496.9	3224.57	6344.116	36.172	491	NA
"355"	11303	1130.2	-3475.987	7085.969	-150.271	492	NA
"356"	4963	496.2	3879.979	4779.252	-96.394	494	NA
"357"	4972	497.1	-1369.178	-1937.416	45.481	496	NA
"358"	5014	501.3	-3534.902	6940.625	-148.314	499	NA
"359"	5023	502.2	-2201.955	8199.376	-176.684	500	NA
"360"	5139	513.8	-1118.296	-2014.348	47.559	501	NA
"361"	5102	510.1	-1571.771	8266.002	-174.82	502	NA
"362"	5146	514.5	-2210.727	8163.21	-133.926	503	NA
"363"	5088	508.7	-2205.926	8183.175	-177.129	504	NA
"364"	5236	523.5	-3495.09	6975.041	-152.255	505	NA
"365"	5119	511.8	-2236.52	8170.681	-169.238	509	NA
"366"	5126	512.5	-2136.021	8247.803	-59.473	514	NA
"367"	5126	512.5	-2198.008	8232.994	-65.767	515	NA
"368"	5800	579.9	-3039.383	7713.219	-164.592	516	NA
"369"	5126	512.5	-2119.76	8166.398	-48.87	517	NA
"370"	5125	512.4	-2211.608	8136.657	-103.312	518	NA
"371"	5149	514.8	-2342.495	8212.776	-249.633	525	NA
"372"	5157	515.6	-2349.159	8105.092	-106.213	526	NA
"373"	5964	596.3	-3417.307	7178.002	-152.097	527	NA
"374"	5216	521.5	-1010.683	-2027.702	47.384	530	NA
"375"	5231	523	-2512.027	8095.531	-167.291	531	NA
"376"	5235	523.4	-978.676	-2027.106	46.987	532	NA
"377"	5269	526.8	-930.248	-2039.481	42.293	534	NA
"378"	5270	526.9	-2614.483	8061.607	-166.284	535	NA
"379"	5318	531.7	-3486.101	7044.669	-154.515	538	NA
"380"	5343	534.2	-2781.2	7942.299	-164.945	547	NA
"381"	5346	534.5	-816.948	-2029.999	47.459	549	NA
"382"	5358	535.7	4129.227	1987.386	70.722	559	NA
"383"	5386	538.5	-768.774	-2040.943	42.22	563	NA
"384"	5867	586.6	-3465.377	7091.112	-135.879	564	NA
"385"	5431	543	-719.148	-2023.641	48.08	572	NA
"386"	5462	546.1	-671.292	-2027.06	46.835	611	NA
"387"	5476	547.5	1122.245	-481.714	-96.705	637	NA
"388"	5500	549.9	-626.929	-2031.173	42.122	638	NA
"389"	5490	548.9	1128.412	-489.411	-114.478	639	NA
"390"	5490	548.9	1055.456	-537.805	9.8	640	NA
"391"	5492	549.1	1048.093	-551.594	38.107	641	NA
"392"	11303	1130.2	1099.887	-471.744	7.238	648	NA
"393"	5522	552.1	-595.33	-2032.133	35.022	666	NA
"394"	5551	555	-565.167	-2024.181	32.098	686	NA
"395"	5574	557.3	-515.713	-2007.127	58.591	702	NA
"396"	5581	558	-506.903	-2004.798	63.517	703	NA
"397"	5619	561.8	-480.824	-2024.295	57.952	706	NA
"398"	5785	578.4	-251.441	-2016.083	41.867	711	NA
"399"	5648	564.7	-3271.288	7427.838	-154.873	712	NA
"400"	5691	569	-3294.127	7411.087	-154.262	713	NA
"401"	5730	572.9	-3302.841	7393.32	-156.968	716	NA
"402"	6047	604.6	-171.426	-1984.78	45.444	732	NA
"403"	5844	584.3	-3089.155	7647.081	-163.983	734	NA
"404"	5866	586.5	-3125.942	7610.644	-161.836	735	NA
"405"	5875	587.4	-3499.681	6953.179	-27.927	736	NA
"406"	6035	603.4	-3326.109	7329.09	-157.265	737	NA
"407"	5897	589.6	-3424.494	7131.082	-151.754	738	NA
"408"	6191	619	-27.804	-1909.433	36.026	740	NA
"409"	6071	607	-3363.327	7271.517	-153.991	741	NA
"410"	6079	607.8	-3367.363	7245.791	-155.688	742	NA
"411"	6105	610.4	-3388.711	7215.311	-152.882	743	NA
"412"	6144	614.3	-3420.957	7163.463	-153.996	744	NA
"413"	6253	625.2	-23.112	-1892.239	34.754	745	NA
"414"	6269	626.8	-4.906	-1916.188	54.245	746	NA
"415"	6383	638.2	-43.82	-1844.615	35.213	747	NA
"416"	9148	914.7	3198.663	1340.523	-25.551	748	NA
"417"	6572	657.1	-1057.478	6736.994	-150.99	749	NA
"418"	6660	665.9	1896.987	8199.239	-173.246	751	NA
"419"	7338	733.7	330.384	8222.371	-182.868	752	NA
"420"	7532	753.1	-95.891	8228.024	-181.79	754	NA
"421"	7540	753.9	-92.564	8228.807	-179.692	755	NA
"422"	7597	759.6	4091.864	2055.618	-48.933	756	NA
"423"	7648	764.7	4134.893	2109.393	-50.217	757	NA
"424"	7679	767.8	4167.246	2154.234	-49.676	758	NA
"425"	7725	772.4	-458.067	8228.155	-181.017	759	NA
"426"	7727	772.6	4219.496	2228.007	-52.545	760	NA
"427"	7762	776.1	4246.222	2277.421	-53.428	761	NA
"428"	7809	780.8	4278.923	2352.513	-54.588	762	NA
"429"	7877	787.6	-597.068	8265.117	-175.95	763	NA
"430"	7843	784.2	4314.552	2404.183	-54.909	764	NA
"431"	7894	789.3	4355.774	2494.54	-56.949	765	NA
"432"	7934	793.3	4396.61	2567.939	-57.063	766	NA
"433"	7954	795.3	4403.535	2596.956	-57.552	767	NA
"434"	8038	803.7	4439.542	2729.298	-60.897	768	NA
"435"	8470	846.9	-773.191	8231.521	-177.515	769	NA
"436"	8675	867.4	4459.003	3618.38	-74.733	770	NA
"437"	8356	835.5	3233.197	2001.723	-41.01	771	NA
"438"	8280	827.9	-1056.828	6736.674	-150.923	772	NA
"439"	8610	860.9	3232.75	2001.088	-41.156	773	NA
"440"	8586	858.5	-918.597	8240.88	-169.162	774	NA
"441"	8596	859.5	-937.864	8240.574	-169.287	775	NA
"442"	8614	861.3	-964.289	8253.405	-172.388	776	NA
"443"	8919	891.8	-1473.361	8266.009	-181.488	777	NA
"444"	8723	872.2	3232.936	2001.596	-40.976	778	NA
"445"	8818	881.7	4366.266	3872.82	-80.383	779	NA
"446"	8837	883.6	3232.94	2000.963	-41.821	780	NA
"447"	8823	882.2	4368.164	3881.369	-86.667	781	NA
"448"	9153	915.2	4079.156	4358.271	-87.231	782	NA
"449"	8964	896.3	-1576.504	8278.038	-174.453	783	NA
"450"	9619	961.8	-3094.056	7684.384	-162.63	784	NA
"451"	9291	929	3462.445	1493.553	-26.543	785	NA
"452"	9678	967.7	3736.451	5049.002	-109.755	786	NA
"453"	9355	935.4	3578.665	1553.811	-26.63	787	NA
"454"	9436	943.5	3705.501	1651.913	-42.09	788	NA
"455"	9491	949	3782.779	1723.362	-31.59	796	NA
"456"	9501	950	1182.726	-483.14	136.306	825	NA
"457"	9501	950	1122.868	-459.933	129.743	826	NA
"458"	9509	950.8	3816.62	1745.794	-34.783	828	NA
"459"	9526	952.5	3233.128	2001.075	-41.918	832	NA
"460"	9538	953.7	3863.419	1782.299	-35.783	837	NA
"461"	9568	956.7	3904.138	1832.118	-39.722	838	NA
"462"	9587	958.6	3927.244	1851.26	-46.771	839	NA
"463"	9617	961.6	3970.643	1887.727	-47.267	840	NA
"464"	9619	961.8	3233.292	2001.231	-41.72	841	NA
"465"	9628	962.7	3769.174	4970.072	-107.794	851	NA
"466"	9629	962.8	3985.553	1857.25	99.037	853	NA
"467"	9658	965.7	4072.074	1932.588	96.319	854	NA
"468"	9630	962.9	3927.339	1907.008	93.547	855	NA
"469"	9659	965.8	4016.351	1860.519	135.21	856	NA
"470"	9650	964.9	-3125.284	7628.628	-161.941	857	NA
"471"	9832	983.1	4210.343	2196.167	-48.555	861	NA
"472"	9710	970.9	3708.03	5102.755	-108.705	862	NA
"473"	9719	971.8	-3210.27	7538.478	-160.807	863	NA
"474"	9701	970	3716.317	5091.361	-108.237	864	NA
"475"	9797	979.6	3647.163	5209.572	-109.801	865	NA
"476"	9752	975.1	-3253.187	7470.941	-158.283	867	NA
"477"	9798	979.7	-3295.165	7424.314	-158.722	868	NA
"478"	9924	992.3	3552.498	5392.241	-113.609	869	NA
"479"	9805	980.4	3642.009	5217.331	-107.088	871	NA
"480"	9810	980.9	41.526	8262.772	-56.985	877	NA
"481"	9841	984	41.834	8137.471	-65.112	878	NA
"482"	9859	985.8	3233.249	2000.931	-42.067	880	NA
"483"	9841	984	-16.952	8222.923	-61.621	881	NA
"484"	9817	981.6	-3313.164	7405.585	-154.505	882	NA
"485"	9839	983.8	3612.791	5276.273	-112.516	883	NA
"486"	10094	1009.3	4430.134	2625.139	-57.004	884	NA
"487"	9850	984.9	-3317.634	7386.094	-155.936	886	NA
"488"	9862	986.1	3601.344	5303.975	-111.438	887	NA
"489"	9865	986.4	-3318.731	7371.684	-156.099	888	NA
"490"	9897	989.6	-3344.716	7336.606	-156.86	889	NA
"491"	9903	990.2	3561.925	5356.86	-112.744	890	NA
"492"	9933	993.2	-3377.825	7297.277	-156.337	891	NA
"493"	11303	1130.2	2766.41	7389.262	-157.615	892	NA
"494"	9931	993	3557.552	5394.01	-116.265	893	NA
"495"	9936	993.5	3547.598	5414.171	-113.779	894	NA
"496"	9942	994.1	-3384.83	7290.884	-156.891	895	NA
"497"	9999	999.8	-3400.494	7249.551	-154.592	896	NA
"498"	11303	1130.2	3232.422	2000.825	-41.429	897	NA
"499"	10036	1003.5	-3403.326	7215.489	-154.724	898	NA
"500"	10087	1008.6	-3437.5	7170.343	-152.585	899	NA
"501"	10134	1013.3	-3460.686	7132.204	-151.909	900	NA
"502"	10436	1043.5	4524.574	3223.79	-74.286	901	NA
"503"	10251	1025	-3525.201	7001.774	-151.958	904	NA
"504"	10417	1041.6	-3528.792	6933.83	-156.269	905	NA
"505"	10451	1045	-3522.043	6939.526	-148.313	906	NA
"506"	10537	1053.6	4526.75	3226.21	-66.495	907	NA
"507"	10650	1064.9	4532.016	3240.739	-71.121	908	NA
"508"	10849	1084.8	4482.9	3560.428	-81.988	909	NA
"509"	10816	1081.5	4468.148	3522.58	-67.204	910	NA
"510"	10861	1086	4467.177	3565.354	-71.016	911	NA
"511"	11082	1108.1	4257.387	4068.166	-82.649	912	NA
"512"	10996	1099.5	4355.967	3880.917	-76.869	913	NA
"513"	11087	1108.6	4250.58	4082.177	-89.271	914	NA
"514"	11147	1114.6	4176.665	4210.322	-85.425	915	NA
"515"	11200	1119.9	4115.43	4321.915	-89.095	916	NA
"516"	11214	1121.3	4106.937	4343.861	-87.793	917	NA
"517"	11269	1126.8	4055.069	4447.756	-89.056	918	NA
"518"	11301	1130	4014.171	4482.929	-92.515	919	NA
