"frame_number"	"time_in_deciseconds"	"X"	"Y"	"Z"	"ID"	"distance"
"1"	1	0	-3375.998	7295.686	-161.76	1	0.006
"2"	1	0	4647.491	788.524	-11.249	2	0.027
"3"	1	0	4020.875	2011.867	-51.488	3	0.025
"4"	1	0	-1415.455	8225.232	-179.745	4	0.026
"5"	1	0	-1937.356	8214.903	-179.624	5	0.02
"6"	1	0	4653.602	729.269	-10.833	6	0.054
"7"	1	0	-2452.593	8154.864	-179.779	7	0.021
"8"	1	0	4609.102	718.589	-8.8	8	0.059
"9"	1	0	3287.802	6271.467	-138.015	9	0.177
"10"	1	0	-3357.244	7333.931	-163.707	11	0.009
"11"	1	0	1052.015	-533.065	8.159	12	0.007
"12"	1	0	-3225.388	7409.367	-164.549	13	0.062
"13"	1	0	4553.529	797.897	-9.902	14	0.086
"14"	1	0	-2665.576	630.676	-9.484	15	0.284
"15"	1	0	4561.712	735.188	-6.948	17	0.022
"16"	1	0	4452.575	2673.211	-58.782	18	1.026
"17"	1	0	3239.975	6416.11	-136.695	19	1.455
"18"	1	0	-1715.06	8266.81	-181.996	20	0.69
"19"	1	0	-1417.067	8261.197	-173.376	21	2.466
"20"	1	0	3049.443	6972.685	-151.195	22	1.666
"21"	1	0	2601.013	7600.199	-157.526	24	1.39
"22"	10	0.9	4655.627	740.156	-8.686	37	9.423
"23"	13	1.2	4675.969	787.179	-27.923	38	36.238
"24"	14	1.3	866.874	-973.672	17.598	39	5.839
"25"	15	1.4	4769.747	657.219	-54.535	40	0.137
"26"	15	1.4	4645.997	754.97	5.923	41	0.088
"27"	20	1.9	4644.577	814.257	4.535	43	0.055
"28"	20	1.9	4646.001	755.002	6	44	0.085
"29"	20	1.9	4726.98	689.617	-35.891	45	53.549
"30"	21	2	2584.796	7630.029	-167.828	47	3.08
"31"	25	2.4	4676.171	787.027	-27.894	52	0.107
"32"	28	2.7	4471.334	2726.547	-55.348	55	5.086
"33"	28	2.7	4495.83	905.261	-11.129	56	21.64
"34"	29	2.8	4510.106	933.781	-10.677	57	0.197
"35"	29	2.8	868.801	-935.012	27.229	58	1.624
"36"	29	2.8	4706.343	826.31	-62.625	59	133.785
"37"	30	2.9	4593.604	998.233	-20.327	60	5.9
"38"	30	2.9	4504.815	998.574	-13.732	61	126.243
"39"	31	3	4706.158	826.388	-61.365	62	139.629
"40"	33	3.2	4678.39	726.447	-26.286	64	78.713
"41"	34	3.3	4520.461	774.305	-7.022	65	93.015
"42"	34	3.3	4591.371	914.682	0.129	66	11.536
"43"	34	3.3	4504.506	998.157	-13.95	67	6.921
"44"	36	3.5	4327.697	850.503	37.124	71	32.43
"45"	36	3.5	4337.991	916.86	40.548	72	26.517
"46"	37	3.6	4270.619	983.255	-14.603	73	12.522
"47"	37	3.6	4253.879	922.236	-13.34	76	41.759
"48"	38	3.7	4279.487	894.686	-19.319	78	5.305
"49"	39	3.8	4264.348	990.573	-20.825	80	55.017
"50"	40	3.9	4589.931	999.909	-17.747	81	1.947
"51"	40	3.9	4503.506	934.445	-11.729	82	0.035
"52"	40	3.9	4594.181	909.024	-10.066	83	2.691
"53"	40	3.9	4473.8	788.17	30.471	84	31.889
"54"	40	3.9	4552.969	657.853	58.222	85	120.218
"55"	42	4.1	4414.324	743.235	-10.385	86	0.87
"56"	42	4.1	4455.99	829.652	-3.24	87	0.74
"57"	42	4.1	4505.27	747.51	-1.309	88	40.865
"58"	43	4.2	4399.656	820.1	-12.395	89	0.545
"59"	47	4.6	4506.432	749.121	-11.982	91	1.32
"60"	54	5.3	4628.847	883.093	-30.682	92	0.056
"61"	54	5.3	4622.001	978.894	-31.411	93	0.052
"62"	65	6.4	2513.548	7694.29	-160.382	94	1.236
"63"	69	6.8	4628.809	883.111	-30.69	95	37.229
"64"	69	6.8	4589.75	1004.893	-10.358	96	15.012
"65"	70	6.9	4638.456	885.047	-30.957	97	75.016
"66"	74	7.3	4704.458	1038.742	-5.691	98	16.531
"67"	74	7.3	4624.63	1075.331	-14.572	99	14.114
"68"	77	7.6	4701.769	1171.006	-7.01	100	11.167
"69"	78	7.7	-1057.19	6762.303	-145.79	101	0.101
"70"	79	7.8	900.913	-877.783	27.927	102	3.585
"71"	82	8.1	4701.843	1161.403	-17.881	103	0.028
"72"	83	8.2	4384.364	893.535	-5.947	104	78.204
"73"	84	8.3	4693.594	1073.442	-7.306	105	6.336
"74"	85	8.4	4532.212	748.408	-9.001	106	60.805
"75"	85	8.4	4464.468	941.499	2.351	107	101.541
"76"	88	8.7	4684.165	874.584	-14.166	108	50.106
"77"	89	8.8	4625.842	953.998	-14.849	109	0.768
"78"	89	8.8	4683.84	703.59	8.437	110	1.066
"79"	90	8.9	4684.178	874.777	-14.928	111	0.011
"80"	91	9	4677.744	609.084	-5.25	112	0.014
"81"	91	9	4720.165	608.553	-4.964	113	0.033
"82"	91	9	4721.714	669.451	-7.442	114	0.247
"83"	91	9	4694.043	1066.538	-20.871	115	1.747
"84"	96	9.5	4638.627	1130.536	-17.774	116	16.286
"85"	99	9.8	4743.377	1150.803	58.583	117	3.687
"86"	105	10.4	4727.221	894.34	-17.724	118	85.965
"87"	106	10.5	4748.657	824.193	-99.12	119	22.36
"88"	107	10.6	4726.71	1223.506	-23.926	120	0.83
"89"	110	10.9	4849.7	807.507	-59.125	121	0.315
"90"	110	10.9	4730.404	957.908	-11.315	122	0.128
"91"	111	11	4721.832	896.868	-13.933	123	0.05
"92"	112	11.1	4743.232	1304.63	86.266	124	0.535
"93"	121	12	934.635	-807.259	25.38	125	3.005
"94"	220	21.9	-3225.029	7408.44	-163.385	126	0.042
"95"	304	30.3	1128.317	-534.78	9.736	127	3.098
"96"	326	32.5	1131.135	-493.597	13.164	128	6.211
"97"	367	36.6	-3369.795	7272.006	-102.942	129	4.443
"98"	370	36.9	1164.257	-386.085	30.202	130	0.365
"99"	393	39.2	1200.921	-375.226	8.164	131	4.595
"100"	419	41.8	4474.947	3517.369	-68.431	132	2.21
"101"	431	43	-1057.463	6736.922	-150.958	133	0.093
"102"	435	43.4	4468.116	3547.732	-69.65	134	2.034
"103"	438	43.7	1242.323	-297.13	5.932	135	2.325
"104"	450	44.9	4458.345	3582.319	-69.511	136	3.619
"105"	456	45.5	4004.92	1967.416	-42.386	137	7.167
"106"	460	45.9	1986.188	8122.603	-172.976	138	2.655
"107"	460	45.9	4450.596	3609.786	-69.842	139	1.856
"108"	482	48.1	4009.563	1962.074	-36.321	140	6.996
"109"	492	49.1	4016.137	1954.305	-41.074	142	2.766
"110"	502	50.1	4805.618	544.922	-31.755	143	0.188
"111"	503	50.2	4760.629	520.851	-180.693	144	0.082
"112"	504	50.3	4719.251	667.826	-6.93	145	1.763
"113"	505	50.4	4717.921	607.032	-4.453	146	0.05
"114"	505	50.4	4028.588	1958.513	-37.307	147	0.221
"115"	516	51.5	4025.401	1963.866	-48.525	148	0.288
"116"	530	52.9	-2733.722	7991.348	-168.446	151	2.65
"117"	542	54.1	1910.885	8162.238	-171.677	152	3.194
"118"	549	54.8	4033.686	1976.74	-44.783	153	5.585
"119"	552	55.1	-3319.538	7333.468	-158.05	154	5.7
"120"	556	55.5	4435.646	3674.997	-73.756	155	3.259
"121"	569	56.8	4050.117	1992.011	-46.163	157	6.427
"122"	570	56.9	4419.987	3706.852	-73.449	158	2.213
"123"	583	58.2	-1057.697	6737.13	-151.176	159	0.11
"124"	590	58.9	4407.314	3740.983	-80.267	160	1.588
"125"	597	59.6	4061.488	1998.02	-52.701	161	6.67
"126"	602	60.1	4068.614	2004.992	-51.251	162	3.345
"127"	611	61	4077	2018.642	-46.49	163	2.844
"128"	617	61.6	4379.073	3783.353	-74.706	164	3.152
"129"	627	62.6	4372.358	3805.704	-75.263	165	3.748
"130"	628	62.7	-1057.575	6737.131	-151.227	166	0.452
"131"	645	64.4	4367.821	3841.664	-81.567	167	4.111
"132"	674	67.3	4347.983	3894.63	-86.689	169	4.837
"133"	695	69.4	4327.091	3937.397	-79.882	171	5.456
"134"	699	69.8	1621.666	8252.655	-177.124	172	0.849
"135"	702	70.1	4321.802	3949.09	-77.898	173	5.67
"136"	711	71	4310.321	3964.046	-82.087	175	1.342
"137"	725	72.4	1561.729	8261.52	-177.052	176	3.042
"138"	732	73.1	4301.452	3989.58	-84.724	177	6.052
"139"	747	74.6	-1057.534	6736.976	-150.95	178	0.04
"140"	747	74.6	4287.198	4014.123	-81.091	179	1.408
"141"	758	75.7	-3064.476	7704.769	-165.219	181	4.485
"142"	782	78.1	1427.522	8269.649	-178.302	182	3.932
"143"	802	80.1	1389.202	8269.523	-178.436	183	1.458
"144"	825	82.4	4220.61	4139.868	-84.355	184	2.231
"145"	845	84.4	4209.047	4181.517	-86.021	185	2.131
"146"	853	85.2	1280.371	8270.216	-177.83	186	2.171
"147"	857	85.6	4195.266	4201.768	-87.025	187	1.793
"148"	858	85.7	-3180.723	7566.34	-162.863	188	2.865
"149"	876	87.5	1242.878	8270.715	-178.919	189	1.15
"150"	878	87.7	-1057.536	6737.022	-150.913	190	0.037
"151"	896	89.5	4148.391	4266.734	-88.576	191	0.539
"152"	904	90.3	4135.282	4276.408	-87.707	192	2.129
"153"	919	91.8	-1057.706	6737.064	-150.777	193	0.137
"154"	921	92	1153.051	8258.261	-180.318	194	0.876
"155"	925	92.4	4120.294	4316.542	-88.947	195	4.846
"156"	940	93.9	4110.847	4339.888	-88.413	196	0.509
"157"	941	94	1109.714	8254.684	-179.554	197	4.669
"158"	964	96.3	1056.789	8254.257	-178.486	198	6.494
"159"	967	96.6	4081.683	4379.563	-85.977	199	3.46
"160"	990	98.9	4063.76	4419.011	-88.886	201	4.877
"161"	1022	102.1	-1057.499	6736.949	-150.898	203	0.052
"162"	1029	102.8	-3315.433	7337.491	-155.907	204	3.372
"163"	1070	106.9	-1057.485	6736.948	-151.036	205	0.016
"164"	1071	107	3980.455	4551.697	-94.96	206	5.234
"165"	1098	109.7	-1057.512	6736.983	-150.99	207	0.151
"166"	1113	111.2	3937.082	4622.476	-93.295	208	1.281
"167"	1129	112.8	-1057.66	6737.081	-150.848	209	0.179
"168"	1134	113.3	3942.332	4651.253	-91.435	210	1.607
"169"	1158	115.7	-3404.236	7137.93	-149.972	211	0.874
"170"	1162	116.1	-3413.382	7229.124	-158.647	212	1.054
"171"	1169	116.8	3918.732	4688.742	-96.332	213	1.573
"172"	1174	117.3	3922.113	4689.961	-95.778	214	2.934
"173"	1202	120.1	3925.378	4700.688	-95.509	215	2.193
"174"	1225	122.4	3903.631	4728.496	-99.267	216	6.175
"175"	1235	123.4	-3438.825	7120.082	-75.622	217	0.102
"176"	1240	123.9	3894.877	4737.907	-99.731	218	1.388
"177"	1246	124.5	3894.344	4747.626	-95.991	219	3.965
"178"	1251	125	-3455.16	7147.216	-152.272	220	0.765
"179"	1298	129.7	-3465.093	7128.399	-153.918	221	0.462
"180"	1308	130.7	-1057.545	6736.981	-150.875	222	0.199
"181"	1323	132.2	3817.746	4858.78	-103.898	223	4.515
"182"	1327	132.6	-3467.897	7046.959	-146.472	224	2.178
"183"	1395	139.4	-1057.507	6736.95	-150.977	225	0.45
"184"	1415	141.4	153.761	8239.262	-181.999	226	8.622
"185"	1418	141.7	-3532.001	6931.838	-149.718	227	1.015
"186"	1437	143.6	-3508.405	7039.64	-153.009	228	0.33
"187"	1444	144.3	-1057.7	6737.022	-150.939	229	0.161
"188"	1447	144.6	-3509.257	7026.681	-152.594	230	1.328
"189"	1489	148.8	-1057.786	6737.108	-150.921	231	0.1
"190"	1508	150.7	2575.228	1022.681	-13.088	232	0.394
"191"	1508	150.7	2569.764	1025.628	-23.906	233	0.813
"192"	1525	152.4	-3582.426	6840.508	-136.42	234	1.336
"193"	1561	156	-3619.691	6787.136	-127.873	235	1.444
"194"	1596	159.5	-1057.899	6737.223	-150.759	236	10.807
"195"	1608	160.7	-3663.625	6729.764	-126.378	237	1.32
"196"	1614	161.3	-1057.634	6736.983	-150.93	238	0.035
"197"	1647	164.6	3519.941	5418.053	-117.168	239	4.814
"198"	1651	165	-1057.547	6736.993	-151.004	240	0.041
"199"	1664	166.3	3519.311	5417.154	-107.467	241	1.769
"200"	1669	166.8	3521.382	5425.253	-113.538	242	4.999
"201"	1751	175	-1057.556	6736.961	-150.891	243	0.072
"202"	1857	185.6	3432.63	5741.719	-123.497	244	0.608
"203"	1884	188.3	-761.24	8240.26	-176.162	245	3.038
"204"	1889	188.8	3214.546	1347.42	-23.894	246	5.76
"205"	1893	189.2	-1057.57	6737.043	-150.922	247	0.065
"206"	2011	201	-1425.088	8218.776	-173.779	248	0.439
"207"	2046	204.5	3329.213	6097.885	-131.566	249	1.476
"208"	2051	205	-1386.139	8252.411	-176.384	250	0.587
"209"	2082	208.1	-1399.26	8275.013	-172.982	251	2.4
"210"	2149	214.8	-1057.678	6737.032	-150.973	252	0.139
"211"	2160	215.9	3597.081	1577.509	-30.429	253	3.226
"212"	2161	216	-1531.694	8269.094	-165.95	254	2.444
"213"	2166	216.5	3607.719	1582.015	-24.804	255	3.778
"214"	2185	218.4	-1564.75	8283.401	-181.753	256	2.7
"215"	2226	222.5	-1648.414	8284.665	-173.857	257	1.152
"216"	2246	224.5	3234.369	6433.855	-138.808	258	5.759
"217"	2442	244.1	-2102.644	8223.107	-178.041	259	1.02
"218"	2499	249.8	-2233.453	8196.535	-176.414	260	1.524
"219"	2526	252.5	-1057.592	6737.008	-150.763	261	0.039
"220"	2645	264.4	2952.527	7129.109	-160.534	262	2.32
"221"	2653	265.2	-2544.282	8083.056	-173.649	263	4.902
"222"	2703	270.2	2895.461	7221.563	-161.19	264	1.319
"223"	2762	276.1	-2757.991	7969.585	-166.647	265	2.755
"224"	2813	281.2	4376.546	2482.627	-54.706	266	2.383
"225"	2814	281.3	-2841.878	7901.131	-166.331	267	1.733
"226"	2896	289.5	-2682.367	568.367	-4.419	268	0.907
"227"	2969	296.8	-2670.627	476.799	-6.252	269	2.763
"228"	3005	300.4	2576.526	7633.382	-169.396	270	1.133
"229"	3125	312.4	2514.298	7714.65	-161.296	271	0.313
"230"	3135	313.4	2505.842	7715.314	-168.58	272	1.933
"231"	3178	317.7	4521.903	3155.067	-68.779	273	1.173
"232"	3195	319.4	-2674.457	131.292	5.695	274	1.399
"233"	3225	322.4	-3271.03	7392.74	-155.045	275	1.263
"234"	3233	323.2	2460.494	7748.02	-161.631	276	4.577
"235"	3237	323.6	-3456.248	7069.089	-150.727	277	3.028
"236"	3242	324.1	2439.759	7768.78	-162.606	278	2.508
"237"	3261	326	-3262.424	7443.772	-159.682	279	1.162
"238"	3267	326.6	2397.786	7811.497	-173.554	280	1.411
"239"	3274	327.3	-2362.16	8150.904	-179.425	281	0.975
"240"	3284	328.3	2354.18	7838.786	-162.603	282	3.005
"241"	3295	329.4	2340.75	7856.813	-165.012	283	0.03
"242"	3324	332.3	-2649.538	-77.352	3.563	284	4.289
"243"	3334	333.3	2277.386	7918.584	-166.738	285	2.259
"244"	3352	335.1	-2642.56	-120.151	5.581	287	2.159
"245"	3366	336.5	-3314.74	7322.534	-156.244	289	1.544
"246"	3376	337.5	-2638.737	-166.76	18.91	290	3.505
"247"	3386	338.5	2203.551	7975.514	-167.728	291	4.009
"248"	3407	340.6	-3348.386	7265.791	-157.625	292	2.91
"249"	3413	341.2	-2635.364	-219.048	3.64	293	1.139
"250"	3415	341.4	-3388.854	7206.027	-150.85	294	2.423
"251"	3427	342.6	-3565.758	6867.112	-139.868	295	2.049
"252"	3445	344.4	2094.127	8064.999	-171.832	296	3.058
"253"	3451	345	-3370.669	7223.259	-155.272	297	1.416
"254"	3455	345.4	-2627.371	-296.032	19.474	298	7.34
"255"	3461	346	-3577.06	6840.2	-135.306	299	0.815
"256"	3463	346.2	-2626.653	-307.145	18.26	300	0.617
"257"	3464	346.3	2062.269	8088.165	-171.003	301	2.204
"258"	3521	352	1941.839	8157.669	-172.141	302	2.672
"259"	3522	352.1	-2619.158	-374.807	16.15	303	0.906
"260"	3552	355.1	-2618.817	-428.829	21.067	304	1.647
"261"	3563	356.2	-3421.768	7155.341	-154.926	305	1.905
"262"	3573	357.2	1848.477	8193.886	-175.653	306	1.471
"263"	3603	360.2	-2611.965	-512.795	16.28	307	2.028
"264"	3604	360.3	1787.514	8215.562	-176.966	308	2.481
"265"	3615	361.4	-3697.716	6696.053	-123.985	309	0.86
"266"	3626	362.5	-3479.304	7025.183	-149.632	310	0.616
"267"	3641	364	-2594.745	-575.935	17.578	311	8.414
"268"	3651	365	1665.176	8255.168	-178.001	312	1.868
"269"	3660	365.9	-3504.218	7017.793	-152.575	313	0.151
"270"	3662	366.1	-3741.272	6660.282	-123.615	314	4.755
"271"	3665	366.4	-3432.649	7106.342	-152.523	315	0.649
"272"	3673	367.2	-3513.332	7007.714	-148.547	316	0.275
"273"	3703	370.2	1531.046	8264.427	-179.362	317	2.253
"274"	3721	372	-3442.854	7128.347	-151.815	318	0.312
"275"	3724	372.3	-2554.322	-717.956	27.148	319	0.749
"276"	3726	372.5	1485.256	8270.094	-175.41	320	3.911
"277"	3752	375.1	1424.563	8272.102	-181.353	321	2.571
"278"	3842	384.1	-3480.948	7073.869	-153.443	322	1.911
"279"	3851	385	1180.026	8252.933	-179.358	323	1.303
"280"	3854	385.3	-4063.658	6516.482	-148.62	324	1.488
"281"	3859	385.8	-2480.071	-927.904	32.066	325	1.052
"282"	3888	388.7	-2468.929	-966.836	32.793	326	4.459
"283"	3903	390.2	-3494.277	7012.329	-151.212	327	0.424
"284"	3910	390.9	1023.18	8260.814	-180.098	328	0.372
"285"	3941	394	-3649.836	6743.748	-126.708	329	2.731
"286"	3942	394.1	952.518	8245.165	-180.346	330	2.849
"287"	3975	397.4	863.114	8236.11	-177.677	331	4.523
"288"	4018	401.7	-1928.203	8237.863	-170.794	332	2.851
"289"	4019	401.8	764.066	8233.142	-178.398	333	3.705
"290"	4035	403.4	-1945.147	8232.834	-174.07	334	2.204
"291"	4048	404.7	-1978.793	8232.358	-177.612	335	5.038
"292"	4059	405.8	-2011.802	8229.134	-175.66	336	2.38
"293"	4070	406.9	-2043.119	8235.833	-177.207	337	2.417
"294"	4079	407.8	-3532.518	6940.002	-154.3	338	1.309
"295"	4097	409.6	-2124.316	8218.552	-175.161	339	2.634
"296"	4107	410.6	-3524.541	6944.307	-149.363	340	0.274
"297"	4133	413.2	-2213.136	8187.91	-175.152	341	1.797
"298"	4157	415.6	-3518.967	6967.579	-153.373	342	0.95
"299"	4196	419.5	-3508.008	6982.238	-147.979	343	0.562
"300"	4213	421.2	-3503.985	6985.916	-153.003	344	3.938
"301"	4220	421.9	3939.39	4609.884	-96.631	345	0.373
"302"	4241	424	-3499.717	7014.421	-150.097	346	2.945
"303"	4256	425.5	-3495.323	7031.142	-152.171	347	1.318
"304"	4283	428.2	-3479.702	7055.288	-154.301	348	1.017
"305"	4301	430	-3960.94	6544.499	-133.155	349	0.361
"306"	4302	430.1	-2340.383	8142.638	-172.312	350	2.741
"307"	4321	432	-3499.887	7047.585	-152.436	351	0.782
"308"	4346	434.5	-3509.556	7031.666	-152.328	352	0.429
"309"	4358	435.7	3944.947	4608.313	-98.449	353	0.144
"310"	4378	437.7	-3517.759	6994.433	-149.906	354	0.826
"311"	4381	438	-3877.653	6578.021	-124.87	355	1.302
"312"	4390	438.9	-3520.451	6981.715	-152.097	356	0.461
"313"	4398	439.7	-3504.622	6950.182	-81.579	357	0.469
"314"	4407	440.6	-3518.917	6933.956	-155.832	358	1.128
"315"	4409	440.8	-2357.202	8146.988	-170.694	359	1.974
"316"	4418	441.7	-3512.571	6978.114	-151.496	360	0.581
"317"	4430	442.9	-3507.486	6946.238	-93.115	361	2.809
"318"	4437	443.6	-3515.264	6946.032	-106.805	362	14.203
"319"	4442	444.1	-3525.451	6934.581	-155.85	363	0.472
"320"	4455	445.4	3951.218	4599.359	-94.678	364	2.975
"321"	4471	447	-3803.705	6617.913	-119.005	365	3.439
"322"	4472	447.1	-3534.289	6956.652	-100	366	21.749
"323"	4475	447.4	-2411.992	8127.465	-171.262	367	1.691
"324"	4557	455.6	-3801.998	6626.595	-120.713	368	0.349
"325"	4581	458	-3566.008	6869.727	-138.725	369	1.75
"326"	4590	458.9	-3527.45	6952.513	-149.047	370	0.434
"327"	4622	462.1	-3513.043	6963.592	-147.595	383	1.516
"328"	4644	464.3	-3835.312	6604.328	-123.108	384	0.914
"329"	4683	468.2	-3843.784	6597.711	-127.251	385	0.201
"330"	4687	468.6	-768.673	8237.09	-179.12	386	1.925
"331"	4757	475.6	-3532.705	6935.32	-150.486	431	0.677
"332"	4776	477.5	-989.6	8241.682	-180.559	447	2.219
"333"	4789	478.8	-3769.256	6645.103	-125.661	448	1.85
"334"	4807	480.6	-3792.34	6628.113	-125.804	449	0.721
"335"	4809	480.8	4335.253	4824.229	62.972	450	156.971
"336"	4810	480.9	4152.381	4877.561	82.162	453	100.333
"337"	4810	480.9	4207.443	4808.79	124.103	454	92.164
"338"	4813	481.2	3880.069	4776.575	-103.851	455	4.523
"339"	4813	481.2	3896.767	4831.108	89.886	456	37.09
"340"	4814	481.3	3908.018	4871.629	71.731	457	13.688
"341"	4815	481.4	3954.039	4779.655	45.057	458	2.796
"342"	4815	481.4	3894.257	4732.332	31.624	459	3.368
"343"	4821	482	-3901.52	6566.413	-131.163	460	0.074
"344"	4825	482.4	3880.365	4775.833	-106.988	461	0.038
"345"	4845	484.4	3879.982	4776.583	-103.435	463	1.472
"346"	4851	485	-3825.53	6607.798	-125.447	472	3.307
"347"	4861	486	-1128.301	8238.667	-173.818	473	1.214
"348"	4882	488.1	-3860.484	6589.875	-127.04	474	2.582
"349"	4895	489.4	-1484.936	-1923.905	44.855	475	3.001
"350"	4907	490.6	-1116.796	8235.552	-179.801	476	1.909
"351"	4948	494.7	3354.442	6289.606	-1.616	488	11.423
"352"	4948	494.7	3277.33	6257.167	9.429	489	10.763
"353"	4948	494.7	3314.462	6371.389	18.69	490	8.433
"354"	4949	494.8	3233.707	6337.074	-2.062	491	9.81
"355"	4953	495.2	3262.038	6307.365	-133.499	492	1.364
"356"	4957	495.6	3883.844	4778.571	-97.814	494	0.545
"357"	4965	496.4	-1379.734	-1931.157	45.365	496	1.213
"358"	4980	497.9	-3530.11	6934.608	-148.931	499	1.309
"359"	4991	499	-2201.714	8199.828	-164.351	500	0.752
"360"	5006	500.5	-1314.115	-1948.682	46.076	501	1.063
"361"	5010	500.9	-1357.08	8257.965	-173.994	502	1.239
"362"	5030	502.9	-2215.706	8209.927	-168.419	503	3.095
"363"	5061	506	-2176.863	8194.445	-174.378	504	4.113
"364"	5066	506.5	-3536.495	6941.578	-152.498	505	1.314
"365"	5104	510.3	-2230.946	8185.273	-168.726	509	1.701
"366"	5118	511.7	-2125.628	8317.113	-12.315	514	40.41
"367"	5119	511.8	-2187.997	8257.903	-49.368	515	14.419
"368"	5120	511.9	-1610.913	8269.674	-181.034	516	2.196
"369"	5120	511.9	-2104.411	8180.867	-69.426	517	13.076
"370"	5122	512.1	-2200.492	8140.687	-97.647	518	5.083
"371"	5145	514.4	-2345.883	8283.84	89.434	525	39.374
"372"	5147	514.6	-2341.909	8139.643	-57.998	526	10.039
"373"	5148	514.7	-2213.811	8186	-179.386	527	2.496
"374"	5152	515.1	-1096.705	-2016.543	48.29	530	2.7
"375"	5201	520	-2430.65	8147.188	-168.044	531	4.527
"376"	5233	523.2	-983.467	-2026.3	47.39	532	1.928
"377"	5259	525.8	-940.669	-2033.291	48.112	534	1.444
"378"	5265	526.4	-2598.872	8068.355	-166.65	535	3.47
"379"	5288	528.7	-3486.026	7031.737	-152.22	538	1.411
"380"	5316	531.5	-2710.523	7987.845	-165.833	547	6.997
"381"	5331	533	-835.4	-2024.08	47.064	549	1.066
"382"	5356	535.5	4047.317	1977.299	126.308	559	46.346
"383"	5364	536.3	-797.938	-2028.126	48.138	563	3.191
"384"	5374	537.3	-3484.053	7081.432	-155.264	564	0.075
"385"	5425	542.4	-729.024	-2021.104	47.485	572	1.256
"386"	5458	545.7	-674.41	-2024.527	47.332	611	1.502
"387"	5474	547.3	1122.586	-483.97	-99.276	637	2.56
"388"	5483	548.2	-657.676	-2032.06	32.39	638	1.402
"389"	5486	548.5	1135.982	-470.513	-118.444	639	3.954
"390"	5488	548.7	1030.983	-556.581	-6.291	640	30.992
"391"	5489	548.8	1043.085	-530.604	44.623	641	2.569
"392"	5495	549.4	1054.703	-537.37	10.682	648	0.075
"393"	5506	550.5	-598.494	-2006.729	52.742	666	30.085
"394"	5548	554.7	-567.061	-2024.366	31.747	686	1.964
"395"	5568	556.7	-551.841	-2023.209	31.365	702	2.201
"396"	5575	557.4	-535.26	-2028.071	40.424	703	0.635
"397"	5593	559.2	-492.911	-2016.305	61.84	706	29.22
"398"	5634	563.3	-498.769	-2040.382	46.306	711	7.693
"399"	5635	563.4	-3259.142	7439.516	-155.332	712	1.184
"400"	5667	566.6	-3287.476	7423.182	-153.739	713	1.42
"401"	5709	570.8	-3304.455	7409.744	-151.653	716	1.823
"402"	5802	580.1	-233.352	-2007.186	43.385	732	1.283
"403"	5824	582.3	-3071.156	7670.491	-164.427	734	1.217
"404"	5854	585.3	-3105.957	7631.889	-164.353	735	1.891
"405"	5873	587.2	-3488.267	7058.347	-78.4	736	57.399
"406"	5874	587.3	-3139.244	7595.57	-162.646	737	1.197
"407"	5893	589.2	-3423.126	7134.604	-153.306	738	1.038
"408"	6057	605.6	-168.061	-1986.995	39.176	740	1.078
"409"	6062	606.1	-3352.124	7286.701	-156.54	741	3.037
"410"	6077	607.6	-3365.196	7252.003	-153.378	742	2.53
"411"	6091	609	-3380.352	7224.522	-156.094	743	0.371
"412"	6129	612.8	-3415.598	7178.182	-153.848	744	0.749
"413"	6207	620.6	-25.906	-1908.785	42.664	745	3.982
"414"	6257	625.6	-17.628	-1901.449	53.235	746	1.357
"415"	6273	627.2	-7.369	-1912.341	37.585	747	0.248
"416"	6405	640.4	-55.613	-1841.204	35.367	748	2.583
"417"	6570	656.9	-1057.69	6737.075	-150.869	749	0.108
"418"	6658	665.7	1897.835	8200.624	-171.015	751	0.973
"419"	7333	733.2	336.785	8216.108	-177.181	752	2.424
"420"	7526	752.5	-95.845	8225.83	-180.955	754	0.896
"421"	7538	753.7	-93.896	8227.091	-180.188	755	2.451
"422"	7573	757.2	4085.068	2029.097	-46.184	756	2.278
"423"	7644	764.3	4131.914	2102.018	-49.862	757	2.527
"424"	7675	767.4	4166.132	2147.532	-49.676	758	1.355
"425"	7711	771	-431.053	8214.9	-177.396	759	1.766
"426"	7722	772.1	4220.114	2220.234	-51.205	760	1.669
"427"	7757	775.6	4250.983	2274.772	-50.517	761	2.054
"428"	7786	778.5	4272.426	2310.32	-52.634	762	1.697
"429"	7793	779.2	-602.695	8228.596	-180.182	763	1.753
"430"	7839	783.8	4313.788	2397.39	-54.644	764	1.615
"431"	7891	789	4355.304	2488.839	-55.591	765	3.246
"432"	7926	792.5	4388.246	2554.184	-57.784	766	2.765
"433"	7945	794.4	4402.144	2587.375	-58.641	767	1.174
"434"	7971	797	4412.708	2603.086	-57.91	768	1.99
"435"	8015	801.4	-746.34	8236.496	-178.04	769	1.302
"436"	8048	804.7	4448.344	2747.761	-59.537	770	1.806
"437"	8155	815.4	3233.118	2001.245	-41.459	771	0.169
"438"	8276	827.5	-1057.707	6737.081	-150.901	772	0.066
"439"	8390	838.9	3233.155	2001.482	-41.487	773	0.339
"440"	8495	849.4	-772.684	8225.945	-178.527	774	2.159
"441"	8594	859.3	-935.181	8240.456	-169.74	775	2.523
"442"	8602	860.1	-948.172	8238.601	-168.874	776	1.83
"443"	8632	863.1	-1000.265	8246.252	-172.919	777	3.179
"444"	8675	867.4	3232.843	2001.108	-41.767	778	0.027
"445"	8678	867.7	4460.547	3618.068	-78.782	779	4.102
"446"	8750	874.9	3233.012	2001.793	-40.889	780	0.004
"447"	8821	882	4367.254	3876.961	-79.935	781	2.19
"448"	8826	882.5	4369.405	3882.895	-80.578	782	0.728
"449"	8925	892.4	-1487.315	8265.078	-179.972	783	2.119
"450"	8980	897.9	-1619.664	8272.33	-180.874	784	1.348
"451"	9162	916.1	3222.812	1346.092	-23.154	785	4.016
"452"	9169	916.8	4071.98	4381.065	-95.705	786	2.126
"453"	9301	930	3468.853	1502.839	-32.292	787	5.974
"454"	9368	936.7	3596.353	1562.053	-36.241	788	2.041
"455"	9442	944.1	3715.593	1659.313	-40.036	796	8.732
"456"	9480	947.9	1162.241	-488.413	130.607	825	10.002
"457"	9481	948	1097.014	-461.92	112.345	826	4.81
"458"	9502	950.1	3800.334	1734.887	-38.128	828	2.56
"459"	9515	951.4	3233.253	2001.164	-41.919	832	0.108
"460"	9524	952.3	3836.796	1760.945	-40.334	837	0.928
"461"	9543	954.2	3871.082	1788.842	-39.971	838	0.986
"462"	9579	957.8	3915.223	1838.526	-46.956	839	5.005
"463"	9605	960.4	3957.111	1872.483	-40.567	840	4.317
"464"	9613	961.2	3233.131	2001.181	-41.746	841	0.112
"465"	9626	962.5	3770.115	4967.817	-107.822	851	1.085
"466"	9627	962.6	4075.682	2046.377	125.11	853	121.258
"467"	9628	962.7	4035.239	1936.848	94.987	854	4.69
"468"	9628	962.7	3916.734	1907.209	97.745	855	3.984
"469"	9630	962.9	3985.265	1853.333	94.419	856	2.938
"470"	9646	964.5	-3118.464	7633.718	-162.556	857	4.735
"471"	9673	967.2	4043.819	1936.813	-46.917	861	4.081
"472"	9676	967.5	3733.751	5052.61	-108.829	862	0.657
"473"	9678	967.7	-3166.083	7583.635	-162.918	863	1.048
"474"	9699	969.8	3717.915	5087.717	-108.639	864	0.972
"475"	9708	970.7	3714.942	5095.736	-112.25	865	1.48
"476"	9747	974.6	-3248.144	7482.693	-158.933	867	3.039
"477"	9772	977.1	-3268.742	7446.751	-158.186	868	1.077
"478"	9790	978.9	3655.583	5190.933	-113.311	869	1.315
"479"	9802	980.1	3647.565	5209.146	-112.424	871	2.971
"480"	9808	980.7	52.34	8290.406	36.577	877	23.529
"481"	9809	980.8	107.821	8178.901	-18.334	878	4.769
"482"	9810	980.9	3233.544	2001.189	-41.618	880	0.149
"483"	9813	981.2	41.284	8265.321	-73.842	881	0.934
"484"	9814	981.3	-3311.91	7410.49	-156.064	882	1.015
"485"	9837	983.6	3615.583	5270.593	-111.092	883	2.805
"486"	9843	984.2	4225.913	2209.51	-48.347	884	1.303
"487"	9844	984.3	-3312.85	7392.409	-154.638	886	2.047
"488"	9860	985.9	3602.117	5301.425	-111.534	887	1.502
"489"	9860	985.9	-3316.255	7379.153	-154.905	888	3.032
"490"	9889	988.8	-3340.135	7337.788	-156.474	889	2.724
"491"	9901	990	3564.712	5352.801	-111.8	890	5.512
"492"	9912	991.1	-3351.543	7311.689	-154.891	891	1.498
"493"	9922	992.1	3556.236	5380.58	-117.025	892	2.967
"494"	9929	992.8	3556.994	5390.72	-116.618	893	3.038
"495"	9934	993.3	3550.308	5407.854	-112.979	894	2.116
"496"	9940	993.9	-3383.149	7290.593	-157.027	895	0.561
"497"	9988	998.7	-3392.688	7261.197	-155.338	896	2.261
"498"	9989	998.8	3233.09	2001.157	-41.557	897	0.083
"499"	10025	1002.4	-3395.608	7223.302	-152.258	898	0.416
"500"	10050	1004.9	-3408.333	7196.492	-154.366	899	1.467
"501"	10100	1009.9	-3443.12	7157.12	-152.897	900	0.227
"502"	10101	1010	4442.178	2632.888	-55.844	901	3.263
"503"	10249	1024.8	-3521.583	7002.437	-151.623	904	2.427
"504"	10352	1035.1	-3537.267	6937.707	-154.522	905	0.633
"505"	10440	1043.9	-3521.997	6932.316	-154.607	906	0.391
"506"	10451	1045	4522.754	3228.849	-66.803	907	0.198
"507"	10556	1055.5	4537.662	3234.263	-65.154	908	0.553
"508"	10665	1066.4	4524.956	3245.994	-61.59	909	0.995
"509"	10814	1081.3	4469.036	3519.883	-67.427	910	0.504
"510"	10854	1085.3	4476.259	3558.219	-73.197	911	2.081
"511"	10864	1086.3	4460.502	3571.516	-70.475	912	0.866
"512"	10994	1099.3	4354.791	3874.287	-76.567	913	5.376
"513"	11085	1108.4	4253.148	4076.29	-85.89	914	4.694
"514"	11095	1109.4	4244.73	4096.385	-83.221	915	4.068
"515"	11153	1115.2	4166.568	4221.8	-86.116	916	2.186
"516"	11207	1120.6	4108.346	4329.641	-87.2	917	3.911
"517"	11237	1123.6	4070.125	4368.627	-91.649	918	2.3
"518"	11292	1129.1	4032.749	4468.417	-92.93	919	3.827
