"frame_number"	"time_in_deciseconds"	"X"	"Y"	"Z"	"ID"	"distance"
"1"	1	0	209.685	10.57	47.67	1	0.012
"2"	1	0	576.332	9.909	47.603	3	0.008
"3"	1	0	10.004	9.861	47.67	7	0.016
"4"	1	0	8.867	376.097	48.04	8	0.022
"5"	1869	186.8	2740.722	2022.01	4.956	96	19.363
"6"	1913	191.2	2725.566	2522.906	-268.112	102	1.363
"7"	1920	191.9	2606.591	2349.664	127.118	105	120.716
"8"	1926	192.5	2729.893	2011.023	-21.895	107	12.771
"9"	1928	192.7	2740.231	1995.822	-27.055	109	25.463
"10"	1956	195.5	2840.996	2546.122	-135.094	112	1.41
"11"	1981	198	2727.25	2538.034	-245.487	121	2.759
"12"	1991	199	2655.018	2079.984	68.434	122	38.286
"13"	2049	204.8	2662.999	2014.889	5.676	138	11.335
"14"	2093	209.2	2720.963	2543.504	-249.969	145	7.119
"15"	2098	209.7	2594.869	2523.768	93.704	148	126.804
"16"	2125	212.4	2830.45	2514.832	-151.849	149	0.011
"17"	2158	215.7	2727.876	2555.343	-210.678	156	3.983
"18"	2226	222.5	2539.696	2256.32	144.454	163	119.697
"19"	2276	227.5	2716.049	2530.594	-248.479	169	4.073
"20"	2282	228.1	2555.136	2406.03	113.395	172	127.816
"21"	2285	228.4	2527.582	2084.834	73.121	173	42.18
"22"	2558	255.7	2676.96	1971.29	-45.025	201	0.229
"23"	2574	257.3	2663.074	1965.454	-37.407	203	4.115
"24"	2619	261.8	2679.694	1976.606	-34.652	208	0.035
"25"	2641	264	2404.29	2134.746	138.59	210	72.843
"26"	2764	276.3	2718.805	2513.531	-281.998	216	6.033
"27"	2823	282.2	2734.977	2531.559	-262.219	218	2.756
"28"	2835	283.4	2456.264	2348.332	146.613	219	151.619
"29"	3043	304.2	2738.537	2531.605	-265.182	229	5.732
"30"	3110	310.9	2393.014	1995.204	-41.633	232	0.298
"31"	3119	311.8	2438.756	2422.916	125.685	233	136.073
"32"	3157	315.6	2361.301	1995.262	-43.211	234	4.985
"33"	3175	317.4	2340.197	1988.358	-29.98	235	5.376
"34"	3220	321.9	2306.259	2028.097	-30.97	239	2.808
"35"	3263	326.2	2236.749	2174.309	143.512	240	108.386
"36"	3267	326.6	2141.843	2007.196	-30.789	241	6.267
"37"	3288	328.7	2435.202	2013.539	-39.823	243	1.06
"38"	3319	331.8	2719.256	2550.641	-201.328	244	4.742
"39"	3329	332.8	2676.983	2178.744	137.283	245	67.092
"40"	3341	334	2411.473	2019.808	-41.141	246	0.998
"41"	3357	335.6	2378.799	2010.325	-40.061	247	3.621
"42"	3392	339.1	2267.672	2033.221	-28.866	248	4.682
"43"	3394	339.3	2672.316	2204.931	103.521	249	66.662
"44"	3424	342.3	2158.335	2029.999	-34.468	250	10.388
"45"	3425	342.4	2338.253	2010.885	-40.637	251	1.954
"46"	3440	343.9	2733.599	2547.232	-229.186	252	4.064
"47"	3445	344.4	2642.059	2485.835	96.066	253	113.794
"48"	3451	345	2703.256	2092.118	-15.155	254	8.949
"49"	3517	351.6	2736.955	2535.709	-212.111	255	1.689
"50"	3525	352.4	1783.346	2029.127	-29.961	257	8.179
"51"	3534	353.3	1753.793	2029.006	-33.474	258	5.204
"52"	3584	358.3	2752.342	2545.288	-242.239	259	4.797
"53"	3595	359.4	2588.342	2290.541	133.226	260	112.632
"54"	3598	359.7	2635.199	2091.853	16.248	261	13.169
"55"	3640	363.9	2763.446	2540.927	-263.37	262	2.701
"56"	3715	371.4	2193.842	2028.75	-43.163	266	2.106
"57"	3811	381	2653.186	2054.277	-51.598	271	1.422
"58"	3862	386.1	2739.413	2525.756	-282.713	272	1.21
"59"	3873	387.2	2511.882	2173.007	106.301	273	53.443
"60"	3917	391.6	2740.238	2532.323	-260.082	274	2.185
"61"	3929	392.8	2477.946	2151.208	105.705	276	40.361
"62"	3937	393.6	2486.108	2047.24	-37.944	277	2.165
"63"	3937	393.6	2731.223	1975.127	-34.417	278	2.846
"64"	3941	394	2197.699	2021.147	-36.883	279	12.816
"65"	3977	397.6	2724.916	1937.618	-38.179	281	1.652
"66"	4035	403.4	2508.167	2406.532	133.965	283	133.228
"67"	4094	409.3	2149.135	2057.514	-28.425	284	17.646
"68"	4103	410.2	2816.646	1924.096	-36.971	286	1.18
"69"	4139	413.8	2058.883	2043.767	-27.729	288	0.671
"70"	4161	416	2703.707	2554.709	-218.145	289	5.234
"71"	4225	422.4	2730.022	2545.905	-261.225	291	7.1
"72"	4232	423.1	2416.798	2134.55	88.636	292	54.519
"73"	4237	423.6	1870.929	2017.037	-33.751	293	17.191
"74"	4290	428.9	2591.379	1979.043	-22.104	295	11.049
"75"	4293	429.2	2375.326	2178.041	112.674	296	78.299
"76"	4314	431.3	2552.474	1993.344	-44.392	298	0.893
"77"	4339	433.8	2743.686	2561.596	-240.895	299	9.063
"78"	4349	434.8	2325.561	2198.991	123.594	300	75.205
"79"	4395	439.4	1523.65	1990.426	-32.078	301	9.929
"80"	4421	442	2707.158	2551.46	-215.164	302	0.116
"81"	4433	443.2	2310.843	2190.693	129.164	303	68.409
"82"	4459	445.8	2337.005	2036.585	-33.57	304	3.289
"83"	4463	446.2	-2214.895	1580.715	-21.773	305	0.667
"84"	4475	447.4	2316.131	2053.444	-43.998	306	2.865
"85"	4486	448.5	2306.139	2271.563	139.909	307	108.31
"86"	4488	448.7	2243.918	2126.886	54.521	308	26.444
"87"	4510	450.9	-2235.698	1555.024	-22.165	309	0.274
"88"	4532	453.1	2731.143	2550.365	-270.272	310	6.938
"89"	4542	454.1	2240.681	2211.176	144.84	311	90.632
"90"	4554	455.3	2170.431	2050.892	-38.016	312	8.789
"91"	4567	456.6	2136.616	2057.78	-43.664	313	7.616
"92"	4575	457.4	2119.566	2052.998	-33.344	314	3.906
"93"	4752	475.1	-2532.649	1049.67	-5.756	316	5.755
"94"	4758	475.7	2284.97	2049.46	-37.926	317	11.122
"95"	4785	478.4	2194.496	2048.017	-36.5	318	7.648
"96"	4808	480.7	2753.841	2094.696	-43.158	319	0.284
"97"	4811	481	-2608.739	838.028	-1.692	320	4.325
"98"	4839	483.8	-2629.835	722.924	-5.829	321	7.523
"99"	4884	488.3	-2654.373	573.599	1.071	322	26.244
"100"	4950	494.9	-2687.361	337.661	0.031	323	2.28
"101"	4993	499.2	-2687.114	181.58	18.386	324	1.008
"102"	5027	502.6	2635.442	2072.175	-43.732	325	0.947
"103"	5071	507	-2685.799	-74.573	5.79	326	5.785
"104"	5109	510.8	1151.69	2063.262	-36.184	327	4.254
"105"	5118	511.7	1140.412	2077.623	-32.012	328	1.253
"106"	5230	522.9	2229.006	2032.963	-35.555	329	1.865
"107"	5245	524.4	2215.058	2032.569	-43.5	330	5.056
"108"	5300	529.9	-2500.826	-929.325	26.208	331	7.269
"109"	5326	532.5	2124.893	2044.23	-32.352	332	2.787
"110"	5360	535.9	2074.021	2041.945	-39.454	333	4.122
"111"	5369	536.8	-595.421	2131.452	-34.971	334	1.932
"112"	5425	542.4	-718.852	2133.392	-36.253	335	3.073
"113"	5447	544.6	2333.881	2039.489	-54.556	336	7.665
"114"	5448	544.7	2657.855	2157.02	84.671	337	0.202
"115"	5458	545.7	-789.253	2112.969	-34.693	338	6.846
"116"	5584	558.3	-1081.501	2114.94	-37.032	339	3.678
"117"	5619	561.8	-1163.383	2105.941	-29.776	341	1.343
"118"	5648	564.7	2655.871	2153.282	81.092	343	0.151
"119"	5651	565	-1214.24	2093.175	-37.37	344	5.291
"120"	5663	566.2	2618.762	2073.966	-55.742	345	0.147
"121"	5707	570.6	-1409.96	-1955.848	40.706	346	9.533
"122"	5754	575.3	-1431.522	2018.207	-37.37	347	3.889
"123"	5884	588.3	-922.241	-2018.883	40.507	349	0.807
"124"	6209	620.8	-2292.242	1481.474	-23.522	350	1.776
"125"	6230	622.9	-2319.008	1438.474	-24.392	351	0.953
"126"	6263	626.2	2333.244	2040.885	-63.696	352	9.048
"127"	6320	631.9	-2432.164	1265.801	-18.688	353	1.919
"128"	6331	633	2694.273	2034.024	-39.545	354	11.225
"129"	6367	636.6	456.905	2058.73	-34.611	355	1.698
"130"	6371	637	-2482.89	1171.716	-16.075	356	3.037
"131"	6400	639.9	-2499.841	1112.176	-15.328	357	3.859
"132"	6403	640.2	2334.409	2051.075	-43.684	358	0.244
"133"	6448	644.7	2518.261	2070.25	-39.709	359	7.496
"134"	6481	648	2593.177	2071.501	-46.389	360	0.514
"135"	6551	655	-2619.488	758.357	-5.654	361	1.844
"136"	6554	655.3	2366.007	2035.829	-38.457	362	5.515
"137"	6564	656.3	2347.742	2037.773	-37.416	363	3.836
"138"	6639	663.8	2215.429	2033.752	-37.745	364	2.101
"139"	6722	672.1	2079.253	2007.355	-43.927	365	2.905
"140"	6728	672.7	-2666.482	387.026	-1.625	366	2.503
"141"	6735	673.4	-951.907	-1978.924	-241.668	367	0.095
"142"	6745	674.4	-930.529	-2031.529	50.247	368	5.831
"143"	6794	679.3	2199.047	2042.016	-39.497	369	8.512
"144"	6861	686	-2677.325	90.068	4.693	371	3.544
"145"	6868	686.7	-1575.059	-1914.372	43.359	372	2.892
"146"	6913	691.2	2030.542	2036.021	-38.459	373	3.082
"147"	6940	693.9	-847.11	-1827.153	-215.209	374	1.311
"148"	6986	698.5	-582.8	2115.283	-36.087	375	0.945
"149"	6988	698.7	-1334.28	-1978.649	49.776	376	3.386
"150"	6988	698.7	2559.313	2039.259	-61.376	377	2.639
"151"	6994	699.3	-595.439	2111.839	-35.244	378	2.238
"152"	7048	704.7	-704.016	2121.527	-36.518	379	2.478
"153"	7083	708.2	-250.029	-1606.389	-193.48	380	0.323
"154"	7089	708.8	-760.527	2121.975	-31.748	381	10.609
"155"	7155	715.4	-853.96	2128.703	-18.271	382	39.498
"156"	7168	716.7	-905.997	2108.216	-33.363	383	2.552
"157"	7191	719	-953.959	-1994.9	-244.894	384	1.687
"158"	7199	719.8	-794.646	-2037.823	49.074	385	5.223
"159"	7249	724.8	-649.064	-2053.645	49.551	386	3.065
"160"	7257	725.6	-640.903	-2031.203	51.563	387	29.225
"161"	7268	726.7	-592.197	-2048.007	49.254	388	2.77
"162"	7275	727.4	-575.316	-2048.702	47.591	389	2.945
"163"	7276	727.5	-1087.973	2109.324	-38.16	390	5.751
"164"	7284	728.3	-588.946	-2051.271	8.064	391	0.858
"165"	7289	728.8	-556.354	-2015.53	51.25	392	0.451
"166"	7294	729.3	-513.936	-2051.011	53.195	393	8.866
"167"	7306	730.5	-650.946	-2262.298	-289.717	394	3.799
"168"	7331	733	-445.753	-2005.044	43.318	395	4.483
"169"	7353	735.2	-388.045	-1987.682	52.212	396	4.986
"170"	7355	735.4	2164.415	2056.197	-45.532	397	16.249
"171"	7392	739.1	-295.042	-1964.865	48.281	398	4.75
"172"	7397	739.6	-849.857	-1829.821	-213.259	399	0.626
"173"	7408	740.7	-1318.368	2055.765	-32.906	400	0.817
"174"	7490	748.9	-1456.194	2003.574	-25.499	401	1.184
"175"	7499	749.8	-1468.832	2007.851	-32.979	402	2.229
"176"	7546	754.5	-874.197	-1868.595	-220.661	403	2.104
"177"	7578	757.7	-275.553	-1638.418	-188.048	404	6.211
"178"	7613	761.2	188.185	-1750.248	43.093	405	1.802
"179"	7617	761.6	-160.799	-1897.635	37.147	406	2.112
"180"	7620	761.9	-1654.005	1913.836	-31.223	407	1.646
"181"	7634	763.3	-1675.102	1909.01	-32.782	408	3.396
"182"	7643	764.2	-1688.537	1902.882	-32.953	409	8.656
"183"	7645	764.4	-886.696	-1885.927	-221.2	410	2.978
"184"	7648	764.7	-1696.359	1900.21	-33.269	411	8.357
"185"	7717	771.6	-1814.96	1851.01	-27.251	412	2.064
"186"	7749	774.8	-263.967	-1619.309	-185.249	413	4.518
"187"	7780	777.9	-1811.707	-1727.778	41.011	414	3.554
"188"	7788	778.7	-1796.679	-1739.324	42.227	415	3.934
"189"	7795	779.4	-1931.55	1769.12	-18.95	416	1.837
"190"	7808	780.7	-1946.966	1760.975	-24.871	418	0.556
"191"	7812	781.1	-259.549	-1611.377	-183.758	419	0.907
"192"	7870	786.9	-1616.981	-1820.437	43.866	420	3.68
"193"	7905	790.4	-872.466	-1864.077	-217.693	422	1.763
"194"	7938	793.7	-1460.68	-1886.08	36.857	423	2.364
"195"	7949	794.8	-1433.067	-1892.21	52.584	424	1.959
"196"	7954	795.3	-2147.117	1610.157	-17.901	425	0.206
"197"	7974	797.3	-1388.613	-1916.815	44.915	426	2.89
"198"	7976	797.5	1869.171	2003.978	-41.468	427	0.046
"199"	7986	798.5	-2187.938	1580.919	-14.855	428	2.267
"200"	7994	799.3	1869.499	2003.456	-41.831	429	0.112
"201"	8010	800.9	1869.717	2003.815	-45.637	430	7.595
"202"	8019	801.8	-1274.989	-1942.544	44.779	431	1.879
"203"	8036	803.5	-1244.236	-1958.427	45.444	432	1.803
"204"	8057	805.6	-271.607	-1631.49	-186.533	433	4.444
"205"	8060	805.9	-1188.97	-1970.986	45.917	434	1.223
"206"	8066	806.5	-1180.238	-1969.636	40.242	435	1.644
"207"	8087	808.6	-1141.529	-1992.565	47.182	436	2.639
"208"	8102	810.1	-1106.168	-2000.322	41.005	437	11.74
"209"	8125	812.4	1871.407	2004.338	-42.338	438	8.533
"210"	8129	812.8	-1044.396	-2010.091	47.587	439	2.378
"211"	8130	812.9	-2218.025	1530.103	-19.089	440	1.926
"212"	8140	813.9	-2210.81	1529.847	-14.558	441	0.591
"213"	8146	814.5	-1002.847	-2023.389	56.617	442	2.714
"214"	8158	815.7	1871.426	2004.594	-42.282	443	0.062
"215"	8162	816.1	-2221.88	1523.308	-20.605	444	2.399
"216"	8168	816.7	-957.553	-2030.638	47.998	445	4.209
"217"	8195	819.4	-904.611	-2027.505	40.885	446	7.504
"218"	8201	820	1866.475	2010.645	-39.438	447	0.998
"219"	8208	820.7	1001.726	-753.981	24.589	448	3.974
"220"	8228	822.7	-953.721	-1985.493	-241.462	449	2.324
"221"	8239	823.8	487.192	-1482.834	38.433	450	1.532
"222"	8241	824	1044.184	-668.98	19.733	451	3.493
"223"	8264	826.3	1079.355	-612.21	14.823	452	4.909
"224"	8295	829.4	2559.282	2045.08	-44.754	453	8.224
"225"	8315	831.4	-943.172	-1973.098	-238.905	454	1.653
"226"	8317	831.6	1129.846	-485.451	18.449	455	2.344
"227"	8322	832.1	1134.847	-491.522	16.476	456	1.951
"228"	8334	833.3	-586.408	-2013.586	41.54	457	8.127
"229"	8356	835.5	-2429.738	1321.527	-21.192	458	3.168
"230"	8389	838.8	1870.125	2007.841	-43.508	459	0.075
"231"	8396	839.5	-2445.689	1262.853	-16.397	460	12.46
"232"	8405	840.4	1870.532	2007.639	-43.953	461	0.089
"233"	8433	843.2	-360.637	-1980.376	56.145	462	1.87
"234"	8445	844.4	-449.584	-1937.149	-240.379	463	2.284
"235"	8453	845.2	-320.143	-1977.414	46.415	464	6.42
"236"	8461	846	-2495.584	1154.08	-11.971	465	1.606
"237"	8474	847.3	-838.762	-1813.129	-211.243	466	0.392
"238"	8527	852.6	1869.844	2004.571	-42.243	467	0.28
"239"	8528	852.7	1389.821	1.047	12.974	468	3.873
"240"	8542	854.1	1412.792	24.553	2.675	469	5.353
"241"	8545	854.4	1870.312	2007.854	-43.868	470	1.833
"242"	8557	855.6	1869.932	2008.055	-43.525	471	3.489
"243"	8571	857	-2562.145	983.317	-13.75	472	2.171
"244"	8576	857.5	1870.207	2006.989	-43.454	473	0.649
"245"	8593	859.2	1484.32	125.999	2.27	474	2.125
"246"	8601	860	1868.086	2001.551	-48.824	475	3.25
"247"	8610	860.9	2526.411	2035.824	-38.303	476	1.782
"248"	8627	862.6	1529.634	183.752	3.374	477	5.125
"249"	8631	863	1869.791	2004.532	-42.168	478	0.114
"250"	8638	863.7	318.239	-1634.138	45.261	479	3.295
"251"	8660	865.9	1869.792	2004.563	-42.295	480	0.014
"252"	8665	866.4	363.646	-1586.461	37.413	481	3.741
"253"	8687	868.6	1609.427	293.749	4.713	482	0.598
"254"	8699	869.8	-248.849	-1594.182	-181.678	483	2.14
"255"	8700	869.9	-2621.915	788.063	-9.389	484	5.649
"256"	8711	871	1869.756	2004.557	-42.26	485	0.021
"257"	8728	872.7	1667.162	385.438	4.649	486	2.521
"258"	8731	873	477.333	-1492.907	35.896	487	1.691
"259"	8731	873	-2634.824	734.186	-3.282	488	1.769
"260"	8754	875.3	1722.337	431.86	5.297	489	2.654
"261"	8767	876.6	-2649.318	678.493	-4.138	490	1.332
"262"	8796	879.5	1814.051	528.32	1.976	491	3.055
"263"	8814	881.3	-2652.276	598.22	-6.017	492	1.434
"264"	8828	882.7	1878.123	584.262	2.375	493	3.815
"265"	8829	882.8	-2667.648	573.014	-9.801	494	1.142
"266"	8832	883.1	621.921	-1330.345	32.645	495	4.134
"267"	8840	883.9	-2657.062	552.276	-3.713	496	2.65
"268"	8846	884.5	1869.719	2004.576	-42.255	497	0.04
"269"	8853	885.2	1862.454	2008.399	-44.318	498	0.102
"270"	8874	887.3	-2665.795	489.769	0.605	499	5.405
"271"	8907	890.6	1870.801	2007.457	-44.491	500	0.549
"272"	8931	893	1870.082	2008.301	-43.906	501	0.933
"273"	8946	894.5	2126.209	761.859	4.231	502	8.088
"274"	8957	895.6	-2673.968	339.451	-0.561	503	3.289
"275"	8979	897.8	4518.529	3004.637	-65.129	504	8.036
"276"	8981	898	2209.716	811.655	38.51	505	17.226
"277"	9006	900.5	1870.432	2007.689	-44.107	506	0.323
"278"	9025	902.4	1870.36	2008.003	-44.176	507	0.479
"279"	9025	902.4	4521.939	3155.253	-68.762	508	2.872
"280"	9043	904.2	2336.9	892.279	1.822	509	2.133
"281"	9049	904.8	883.275	-934.224	25.866	510	2.697
"282"	9055	905.4	4518.527	3273.946	-71.577	511	4.529
"283"	9061	906	-2685.715	151.503	0.802	512	1.254
"284"	9064	906.3	892.698	-890.896	30.737	513	3.771
"285"	9076	907.5	907.915	-874.883	24.734	515	3.213
"286"	9085	908.4	-2679.006	118.407	7.15	516	1.759
"287"	9089	908.8	924.977	-849.631	23.24	517	5.069
"288"	9094	909.3	1870.589	2007.663	-44.397	518	0.155
"289"	9111	911	-2679.504	67.038	4.881	519	5.583
"290"	9113	911.2	1870.515	2007.63	-44.29	520	0.572
"291"	9118	911.7	4488.485	3409.426	-74.067	521	1.656
"292"	9127	912.6	-2684.967	34.715	5.728	522	7.079
"293"	9135	913.4	4483.042	3476.942	-72.979	523	7.942
"294"	9136	913.5	-2693.3	14.681	7.529	524	2.225
"295"	9145	914.4	4478.389	3521.551	-80.21	525	2.077
"296"	9147	914.6	1870.891	2007.553	-44.721	526	0.608
"297"	9149	914.8	-2691.457	-3.426	4.581	527	2.278
"298"	9155	915.4	4474.116	3563.303	-75.952	528	8.712
"299"	9160	915.9	4469.548	3583.133	-76.873	529	8.597
"300"	9165	916.4	2624.035	1049.331	-14.344	530	3.961
"301"	9167	916.6	4459.323	3610.048	-72.169	531	4.884
"302"	9172	917.1	4455.138	3631.781	-78.341	532	3.049
"303"	9175	917.4	853.436	-947.421	23.848	533	1.311
"304"	9180	917.9	1869.634	2004.898	-42.289	534	0.03
"305"	9183	918.2	-280.175	-1647.363	-190.964	535	56.553
"306"	9185	918.4	-2683.749	-67.429	10.023	536	0.594
"307"	9195	919.4	-2686.328	-83.05	5.657	537	0.455
"308"	9195	919.4	2660.986	1073.429	-34.622	538	11.918
"309"	9203	920.2	4418.739	3742.61	-79.502	539	4.779
"310"	9208	920.7	4414.802	3759.261	-82.472	540	6.596
"311"	9224	922.3	2235.453	1993.18	-37.109	541	0.637
"312"	9228	922.7	1869.623	2004.939	-42.213	542	0.035
"313"	9228	922.7	-2676.782	-134.913	7.854	543	10.087
"314"	9264	926.3	-2657.404	-198.224	7.642	545	2.388
"315"	9268	926.7	4324.079	3973.457	-87.595	546	2.716
"316"	9273	927.2	4318.901	3989.916	-90.241	547	5.207
"317"	9276	927.5	2240.783	1997.417	-33.661	548	3.16
"318"	9288	928.7	2240.291	1992.54	-36.447	549	2.276
"319"	9294	929.3	1869.626	2005.096	-42.291	550	0.09
"320"	9308	930.7	-2662.123	-273.499	9.112	551	1.142
"321"	9359	935.8	-2653.85	-368.532	10.904	552	0.708
"322"	9373	937.2	1869.713	2005.037	-42.283	553	0.039
"323"	9405	940.4	1268.688	-228.047	13.51	554	4.52
"324"	9414	941.3	4093.346	4401.015	-91.665	555	6.591
"325"	9420	941.9	1279.702	-196.484	10.678	556	3.155
"326"	9424	942.3	-2633.898	-477.811	13.659	557	2.499
"327"	9434	943.3	1340.927	-120.275	8.083	558	3.163
"328"	9439	943.8	1305.736	-151.853	12.168	559	1.301
"329"	9439	943.8	1333.199	-112.487	16.193	560	5.518
"330"	9444	944.3	1331.609	-110.964	15.38	561	7.73
"331"	9451	945	-2625.169	-527.043	15.893	562	1.422
"332"	9455	945.4	1323.487	-112.805	1.35	563	3.278
"333"	9469	946.8	1346.189	-76.356	4.75	564	3.226
"334"	9491	949	-2613.631	-576.992	15.769	565	1.337
"335"	9507	950.6	1354.426	-46.396	10.273	566	2.883
"336"	9515	951.4	-2591.461	-623.736	24.188	567	1.473
"337"	9523	952.2	3890.286	4720.132	-99.992	568	6.141
"338"	9524	952.3	2765.735	2126.714	-27.986	569	22.621
"339"	9559	955.8	-2578.22	-702.394	19.614	570	1.167
"340"	9567	956.6	1870.304	2008.254	-44.202	571	3.033
"341"	9596	959.5	1301.454	-131.832	2.677	572	0.861
"342"	9606	960.5	1869.529	2005.28	-42.362	573	0.041
"343"	9610	960.9	-2553.583	-793.422	20.186	574	0.965
"344"	9633	963.2	-2536.091	-834.344	23.423	575	3.464
"345"	9678	967.7	1589.959	272.334	7.192	576	4.029
"346"	9684	968.3	-2505.574	-922.728	22.729	577	0.256
"347"	9706	970.5	-2497.237	-956.487	23.282	578	1.507
"348"	9718	971.7	2617.136	2068.973	-45.676	579	0.107
"349"	9724	972.3	2617.203	2068.852	-45.769	580	0.053
"350"	9733	973.2	-2476.028	-992.051	27.418	581	1.033
"351"	9792	979.1	1870.499	2008.025	-44.64	582	0.432
"352"	9834	983.3	1870.095	2004.707	-42.907	583	0.834
"353"	9843	984.2	1864.18	2009.912	-37.726	584	6.436
"354"	9862	986.1	1870.142	2008.431	-44.517	585	0.168
"355"	9885	988.4	1869.068	2005.501	-42.171	586	0.048
"356"	9911	991	1867.125	2002.97	-48.743	587	10.061
"357"	9919	991.8	1889.162	2027.163	-16.281	588	20.76
"358"	9931	993	3157.595	1978.68	-43.117	589	1.638
"359"	9964	996.3	3123.374	1959.951	-33.384	590	4.08
"360"	9974	997.3	3133.841	1958.196	-35.134	591	24.258
"361"	9983	998.2	3137.091	1957.755	-35.138	592	0.766
"362"	10004	1000.3	3137.633	1950.463	-29.599	593	1.4
"363"	10009	1000.8	3124.608	1940.735	-60.494	594	0.628
"364"	10058	1005.7	3123.026	1930.552	-30.469	595	0.282
"365"	10075	1007.4	3117.201	1912.817	-33.493	596	0.443
"366"	10090	1008.9	3111.853	1915.668	-33.79	597	3.032
"367"	10101	1010	3105.277	1911.002	-35.005	598	1.85
"368"	10165	1016.4	3134.072	1886.926	-30.664	600	4.364
"369"	10210	1020.9	1868.134	2005.269	-42.824	601	0.085
"370"	10222	1022.1	1866.506	2002.816	-48.796	602	10.813
"371"	10224	1022.3	4453.271	2704.138	-58.629	603	2.405
"372"	10246	1024.5	4466.543	2760.712	-58.826	604	2.695
"373"	10296	1029.5	4519.137	2877.35	-63.123	605	0.331
"374"	10380	1037.9	4533.215	3061.729	-61.711	606	2.629
"375"	10400	1039.9	4526.128	3109.269	-67.765	607	4.127
"376"	10520	1051.9	4510.611	3384.897	-73.442	608	3.116
"377"	10525	1052.4	4514.599	3399.381	-73.455	609	5.587
"378"	10540	1053.9	4521.762	3428.636	-68.744	610	4.974
"379"	10558	1055.7	-1477.894	-1945.238	46.661	611	1.882
"380"	10560	1055.9	4536.822	3451.641	-68.362	612	1.399
"381"	10627	1062.6	-961.096	-2006.042	-246.213	613	0.756
"382"	10632	1063.1	-1360.642	-1986.901	40.307	614	4.848
"383"	10661	1066	-1305.343	-1989.241	46.173	615	2.924
"384"	10716	1071.5	-1203.772	-2014.4	47.14	616	2.499
"385"	10809	1080.8	3673.614	1649.296	-26.251	617	4.56
"386"	10813	1081.2	-1046.047	-2041.103	47.282	618	8.151
"387"	10818	1081.7	-539.061	-2084.595	-263.057	619	0.876
"388"	10821	1082	-1036.884	-2048.867	41.508	620	2.987
"389"	10839	1083.8	-999.967	-2043.07	47.652	621	6.343
"390"	10938	1093.7	-838.376	-2032.898	46.964	622	2.457
"391"	10979	1097.8	4090.64	4407.604	-93.456	623	1.138
"392"	10984	1098.3	-756.085	-2046.797	43.477	624	1.302
"393"	11015	1101.4	-696.473	-2048.78	42.1	625	1.523
"394"	11036	1103.5	-662.182	-2042.675	42.509	626	6.633
"395"	11077	1107.6	-600.257	-2058.327	48.637	627	3.227
"396"	11095	1109.4	-573.071	-2062.546	42.851	628	6.504
"397"	11130	1112.9	-512.277	-2050.47	47.37	629	1.994
"398"	11150	1114.9	1865.17	1979.677	-35.647	630	3.301
"399"	11160	1115.9	-463.493	-2056.169	43.582	631	2.193
"400"	11179	1117.8	1861.847	2004.709	-44.319	632	39.492
"401"	11182	1118.1	-429.425	-2040.659	42.847	633	3.072
"402"	11248	1124.7	1694.873	1999.515	-36.139	634	1.13
"403"	11285	1128.4	-875.596	-1877.707	-230.835	635	1.273
"404"	11285	1128.4	-253.267	-1998.802	41.795	636	1.414
"405"	11303	1130.2	4373.447	2471.49	-48.38	637	4.102
"406"	11331	1133	3671.703	5155.907	-104.539	638	3.621
"407"	11341	1134	4401.709	2526.728	-51.077	639	2.189
"408"	11346	1134.5	3650.646	5192.364	-107.586	640	6.483
"409"	11352	1135.1	4396.957	2547.975	-52.413	641	3.92
"410"	11375	1137.4	3632.567	5263.64	-105.688	642	1.59
"411"	11382	1138.1	4429.39	2620.741	-50.013	643	3.766
"412"	11385	1138.4	-89.106	-1921.171	43.285	644	0.497
"413"	11388	1138.7	1571.602	1988.406	-34.036	645	0.286
"414"	11404	1140.3	4441.378	2671.074	-54.452	646	1.62
"415"	11427	1142.6	-29.813	-1876.535	47.034	647	1.048
"416"	11430	1142.9	4460.758	2733.523	-54.544	648	5.372
"417"	11437	1143.6	4467.984	2751.478	-53.303	649	3.396
"418"	11455	1145.4	4489.112	2791.772	-53.244	650	3.153
"419"	11496	1149.5	4502.78	2882.461	-57.721	651	1.075
"420"	11503	1150.2	4506.045	2894.831	-71.87	652	2.453
"421"	11510	1150.9	3503.933	5507.203	-113.4	653	2.588
"422"	11518	1151.7	115.559	-1808.661	43.535	654	6.202
"423"	11524	1152.3	4504.21	2941.226	-72.167	655	4.367
"424"	11534	1153.3	3493.434	5547.053	-112.106	656	2.734
"425"	11544	1154.3	4511.72	2997.783	-59.15	657	0.991
"426"	11554	1155.3	4523.101	3016.05	-56.345	658	3.062
"427"	11569	1156.8	4531.837	3046.2	-62.318	659	0.692
"428"	11574	1157.3	190.682	-1749.057	42.059	660	3.38
"429"	11585	1158.4	4525.658	3086.032	-59.715	661	1.93
"430"	11596	1159.5	4525.45	3113.714	-61.208	662	4.068
"431"	11605	1160.4	4528.054	3140.227	-61.342	663	2.604
"432"	11622	1162.1	4525.989	3181.868	-64.215	664	2.521
"433"	11628	1162.7	4524.173	3191.902	-73.746	665	3.113
"434"	11641	1164	4525.17	3224.311	-63.191	666	4.739
"435"	11651	1165	302.743	-1663.586	42.663	667	0.753
"436"	11654	1165.3	4526.182	3252.004	-76.864	668	2.914
"437"	11660	1165.9	4526.245	3268.369	-75.612	670	1.9
"438"	11665	1166.4	4525.51	3279.734	-76.477	671	3.87
"439"	11674	1167.3	4522.024	3301.316	-64.483	672	3.282
"440"	11685	1168.4	352.112	-1623.866	42.112	673	0.918
"441"	11725	1172.4	4513.797	3410.82	-70.861	674	1.134
"442"	11736	1173.5	4521.927	3438.192	-66.169	675	4.448
"443"	11739	1173.8	3347.524	6006.877	-125.805	676	3.102
"444"	11741	1174	4520.728	3450.512	-79.117	677	2.454
"445"	11751	1175	438.392	-1538	39.201	678	1.89
"446"	11753	1175.2	4502.596	3467.433	-79.164	679	0.379
"447"	11761	1176	4503.917	3484.061	-78.371	680	2.596
"448"	11770	1176.9	4491.931	3501.158	-77.323	681	1.93
"449"	11785	1178.4	472.595	-1496.325	38.544	682	4.17
"450"	11787	1178.6	4475.252	3531.902	-68.686	683	0.915
"451"	11798	1179.7	3314.629	6147.804	-140.565	684	7.069
"452"	11811	1181	4476.495	3587.728	-80.593	685	6.318
"453"	11818	1181.7	511.547	-1458.926	36.941	686	1.316
"454"	11821	1182	4470.8	3616.46	-81.603	687	2.56
"455"	11832	1183.1	4454.707	3653.287	-78.631	688	0.606
"456"	11842	1184.1	4461.892	3649.73	-81.148	689	3.501
"457"	11847	1184.6	4463.077	3659.455	-81.962	690	3.31
"458"	11850	1184.9	550.296	-1418.604	36.008	691	0.903
"459"	11862	1186.1	4442.829	3686.69	-82.13	692	3.012
"460"	11866	1186.5	568.398	-1401.123	31.688	693	1.116
"461"	11874	1187.3	3296.188	6272.769	-142.949	694	11.961
"462"	11885	1188.4	587.636	-1371.08	36.723	695	1.536
"463"	11898	1189.7	605.154	-1354.316	35.917	696	1.073
"464"	11910	1190.9	4405.527	3770.677	-85.174	697	3.208
"465"	11918	1191.7	4397.326	3788.36	-82.769	698	2.974
"466"	11939	1193.8	3234.225	6416.416	-141.647	699	1.839
"467"	11946	1194.5	3232.479	6428.662	-142.81	700	6.631
"468"	11970	1196.9	4356.023	3896.109	-85.347	701	3.004
"469"	11981	1198	4346.418	3927.044	-87.814	702	4.874
"470"	11992	1199.1	4334.43	3950.189	-86.843	703	3.802
"471"	11994	1199.3	698.808	-1214.586	33.755	704	0.371
"472"	12001	1200	2442.953	2040.446	-35.053	705	3.594
"473"	12005	1200.4	4326.799	3980.272	-83.276	706	0.326
"474"	12013	1201.2	4321.789	3990.71	-82.359	707	2.686
"475"	12018	1201.7	729.343	-1181.097	33.109	708	1.748
"476"	12026	1202.5	2426.364	2039.674	-46.875	709	0.403
"477"	12033	1203.2	4298.556	4027.161	-88.753	710	3.788
"478"	12037	1203.6	3152.445	6641.792	-147.49	711	0.913
"479"	12041	1204	752.645	-1159.825	27.23	712	3.08
"480"	12051	1205	2564.959	2049.335	-46.717	713	0.29
"481"	12051	1205	4276.531	4067.4	-89.761	714	3.741
"482"	12060	1205.9	774.33	-1128.086	28.621	715	4.432
"483"	12071	1207	4258.69	4111.962	-84.371	716	3.235
"484"	12089	1208.8	4235.157	4150.522	-85.274	717	1.187
"485"	12091	1209	796.391	-1084.059	28.255	718	0.798
"486"	12106	1210.5	4221.814	4178.416	-94.248	719	2.513
"487"	12111	1211	810.388	-1053.644	29.845	720	3.279
"488"	12114	1211.3	4216.931	4195.942	-86.789	721	1.026
"489"	12122	1212.1	823.738	-1039.262	28.923	722	1.661
"490"	12130	1212.9	4197.019	4225.394	-93.249	723	1.401
"491"	12138	1213.7	2338.466	2062.772	-41.466	724	1.46
"492"	12139	1213.8	841.849	-1015.521	22.719	725	1.134
"493"	12149	1214.8	4172.525	4262.753	-87.202	726	1.7
"494"	12157	1215.6	4162.165	4283.807	-86.765	727	4.199
"495"	12162	1216.1	2309.186	2060.594	-2.625	728	13.867
"496"	12188	1218.7	4124.193	4335.183	-88.632	729	7.194
"497"	12202	1220.1	4102.215	4365.26	-86.608	730	3.687
"498"	12216	1221.5	-638.659	2111.911	-35.6	732	2.292
"499"	12231	1223	3025.915	7029.602	-151.122	733	0.459
"500"	12240	1223.9	4061.114	4432.322	-88.748	734	3.486
"501"	12247	1224.6	-703.969	2116.973	-31.106	735	3.001
"502"	12251	1225	4049.81	4453.016	-86.224	736	0.784
"503"	12254	1225.3	2576.743	2010.162	-40.91	737	0.597
"504"	12259	1225.8	4041.406	4469.567	-87.805	738	3.411
"505"	12260	1225.9	947.34	-855.039	21.535	739	3.879
"506"	12268	1226.7	2558.1	2002.992	-44.753	741	1.842
"507"	12272	1227.1	4034.981	4494.953	-90.887	742	7.599
"508"	12287	1228.6	4015.208	4532.192	-89.598	743	3.288
"509"	12295	1229.4	2950.564	7133.223	-157.788	744	8.737
"510"	12315	1231.4	972.881	-762.862	23.497	745	2.384
"511"	12317	1231.6	3979.764	4581.087	-91.391	746	2.506
"512"	12331	1233	992.326	-735.419	22.058	747	1.877
"513"	12344	1234.3	2375.552	1964.55	-42.358	748	3.674
"514"	12348	1234.7	2895.528	7225.752	-151.583	749	0.088
"515"	12356	1235.5	1008.109	-694.722	21.531	751	3.162
"516"	12365	1236.4	2381.605	1969.974	-38.033	753	0.676
"517"	12373	1237.2	1029.977	-671.251	17.623	754	1.355
"518"	12383	1238.2	2360.017	1995.894	-33.641	755	4.151
"519"	12392	1239.1	2343.667	2009.809	-34.021	756	3.222
"520"	12410	1240.9	1055.439	-616.497	12.198	757	6.534
"521"	12432	1243.1	2763.794	7395.1	-154.764	758	3.586
"522"	12438	1243.7	3850.487	4817.4	-94.555	759	3.252
"523"	12449	1244.8	3838.341	4841.13	-96.082	760	4.454
"524"	12455	1245.4	3835.416	4850.615	-96.535	761	1.729
"525"	12457	1245.6	1100.793	-563.281	11.181	762	4.73
"526"	12457	1245.6	2720.678	7449.708	-164.893	763	6.086
"527"	12470	1246.9	2140.492	2042.907	-28.892	764	5.65
"528"	12498	1249.7	2658.703	7530.535	-166.19	765	3.046
"529"	12504	1250.3	2647.142	7544.239	-166.468	766	9.787
"530"	12505	1250.4	3775.51	4948.539	-111.546	767	2.017
"531"	12512	1251.1	3762.411	4970.938	-104.217	768	9.014
"532"	12520	1251.9	1879.319	2018.021	-36.255	769	0.651
"533"	12520	1251.9	3761.715	4970.519	-104.017	770	3.152
"534"	12538	1253.7	1907.827	2023.463	-35.648	771	2.733
"535"	12545	1254.4	2614.223	7598.729	-167.006	772	9.552
"536"	12563	1256.2	3728.289	5046.377	-111.451	773	9.967
"537"	12582	1258.1	3711.569	5089.51	-111.742	774	1.934
"538"	12592	1259.1	3700.397	5109.448	-113.153	775	8.678
"539"	12597	1259.6	3691.838	5126.542	-106.507	776	4.151
"540"	12602	1260.1	1881.193	2027.192	-34.16	777	4.834
"541"	12613	1261.2	3661.844	5167.929	-112.449	778	2.596
"542"	12617	1261.6	1224.085	-308.149	16.254	779	1.105
"543"	12645	1264.4	1799.188	1991.845	-29.768	781	3.293
"544"	12669	1266.8	2393.154	7810.062	-163.281	782	2.192
"545"	12685	1268.4	3610.025	5271.871	-114.769	783	2.911
"546"	12696	1269.5	2333.717	2044.238	-44.032	784	0.072
"547"	12703	1270.2	1291.65	-179.341	9.87	785	4.659
"548"	12718	1271.7	3581.707	5343.157	-115.365	786	3.852
"549"	12738	1273.7	2282.458	7907.609	-173.743	787	2.963
"550"	12745	1274.4	2271.796	7924.222	-173.644	788	6.229
"551"	12768	1276.7	2227.335	7961.845	-174.873	789	3.003
"552"	12778	1277.7	-3482.596	6984.819	-150.856	790	2.522
"553"	12783	1278.2	1861.256	2018.398	-41.364	791	0.014
"554"	12784	1278.3	-3477.965	6993.072	-152.929	792	0.937
"555"	12786	1278.5	1357.356	-69.933	7.439	793	3.297
"556"	12819	1281.8	2333.84	2045.087	-43.755	794	0.073
"557"	12840	1283.9	2090.409	8073.495	-173.781	795	2.624
"558"	12849	1284.8	3468.092	5604.534	-121.437	796	4.573
"559"	12853	1285.2	2063.195	8093.756	-171.592	797	2.002
"560"	12862	1286.1	2333.955	2045.381	-43.702	798	0.025
"561"	12892	1289.1	1967.513	8138.895	-172.67	799	1.548
"562"	12892	1289.1	-3454.538	7072.323	-152.234	800	2.006
"563"	12946	1294.5	1862.699	8192.74	-178.382	801	7.736
"564"	12969	1296.8	2333.158	2042.799	-46.965	802	0.079
"565"	13004	1300.3	2335.339	2045.435	-46.6	803	0.101
"566"	13025	1302.4	1592.18	273.352	3.736	804	4.267
"567"	13049	1304.8	1615.248	8264.725	-174.302	806	2.17
"568"	13081	1308	1526.559	8265.22	-173.918	807	3.141
"569"	13118	1311.7	-3432.65	7089.592	-155.295	808	0.242
"570"	13178	1317.7	1767.233	467.505	-0.555	809	3.011
"571"	13205	1320.4	1222.785	8260.19	-173.671	810	4.077
"572"	13233	1323.2	1837.36	542.299	-0.966	811	1.766
"573"	13241	1324	1137.632	8259.051	-180.147	812	3.549
"574"	13257	1325.6	1095.855	8260.345	-178.639	813	1.449
"575"	13280	1327.9	1909.568	596.787	0.248	814	1.71
"576"	13327	1332.6	-3428.944	7096.441	-155.586	815	0.3
"577"	13355	1335.4	2009.118	677.907	-6.219	816	5.332
"578"	13374	1337.3	847.556	8243.545	-172.823	817	3.5
"579"	13384	1338.3	2058.326	705.245	-6.567	818	1.612
"580"	13393	1339.2	805.411	8235.338	-178.136	819	2.869
"581"	13404	1340.3	3122.656	6777.352	-149.324	820	1.278
"582"	13406	1340.5	786.248	8234.024	-178.495	821	3.066
"583"	13408	1340.7	2087.677	732.16	-7.939	822	0.554
"584"	13427	1342.6	2108.952	747.714	-8.92	823	0.818
"585"	13446	1344.5	-3451.441	7102.206	-155.138	824	0.574
"586"	13462	1346.1	2161.583	781.374	-8.564	825	0.808
"587"	13479	1347.8	-3433.565	7121.501	-155.345	826	0.858
"588"	13487	1348.6	2204.897	803.628	-7.379	827	8.216
"589"	13499	1349.8	3048.577	6971.846	-146.559	828	2.044
"590"	13503	1350.2	2229.957	820.273	-7.844	829	3.26
"591"	13508	1350.7	-3429.823	7142.374	-153.843	830	0.488
"592"	13539	1353.8	3006.668	7041.106	-150.436	831	3.027
"593"	13543	1354.2	2280.35	858.306	-6.968	832	2.985
"594"	13546	1354.5	-3422.628	7161.961	-154.994	833	2.466
"595"	13569	1356.8	2335.572	2046.733	-47.176	834	0.013
"596"	13599	1359.8	-3388.121	7151.677	-155.117	835	2.811
"597"	13615	1361.4	2307.246	2069.708	-28.761	836	36.399
"598"	13619	1361.8	2403.926	934.035	-10.957	837	2.256
"599"	13620	1361.9	2351.871	2039.46	-44.385	838	0.605
"600"	13650	1364.9	-3444.275	7087.96	-151.679	839	0.806
"601"	13667	1366.6	2488.682	978.43	-10.935	840	1.948
"602"	13680	1367.9	2509.004	987.723	-13.273	841	4.495
"603"	13690	1368.9	2526.493	998.177	-7.683	842	0.417
"604"	13700	1369.9	-3471.896	7020.798	-149.96	843	2.343
"605"	13746	1374.5	2608.366	1049.977	-14.509	845	1.306
"606"	13762	1376.1	2726.079	7446.833	-153.014	846	4.514
"607"	13801	1380	2319.356	2003.673	-120.769	847	2.622
"608"	13805	1380.4	2351.95	2032.912	-56.241	849	5.947
"609"	13818	1381.7	2661.865	7540.733	-165.399	850	10.472
"610"	13819	1381.8	2724.046	1104.405	-16.435	851	2.4
"611"	13866	1386.5	2801.495	1143.538	-17.614	852	3.249
"612"	13886	1388.5	-3564.434	6852.672	-141.021	853	0.419
"613"	13936	1393.5	2919.525	1218.176	-13.58	854	3.602
"614"	13936	1393.5	-337.172	8217.528	-176.193	855	0.832
"615"	13976	1397.5	2963.759	1227.543	-17.887	856	1.554
"616"	13989	1398.8	-346.8	8197.785	-180.99	857	0.398
"617"	14000	1399.9	3000.895	1245.879	-21.599	858	2.271
"618"	14009	1400.8	3015.133	1257.893	-17.265	859	4.608
"619"	14023	1402.2	-3577.558	6830.219	-142.295	860	1.366
"620"	14142	1414.1	3224.409	1353.979	-25.657	861	1.318
"621"	14144	1414.3	-3599.763	6788.834	-134.456	862	1.213
"622"	14162	1416.1	-757.811	8227.426	-175.286	863	1.079
"623"	14173	1417.2	3273.487	1380.634	-24.367	864	4.913
"624"	14187	1418.6	2103.33	8050.221	-168.739	865	4.355
"625"	14203	1420.2	3312.514	1408.535	-25.775	866	2.201
"626"	14292	1429.1	3435.633	1484.443	-32.043	867	8.909
"627"	14315	1431.4	1847.509	8205.44	-174.837	868	2.715
"628"	14322	1432.1	3480.432	1515.338	-34.871	869	1.233
"629"	14352	1435.1	3516.494	1527.027	-25.206	870	1.669
"630"	14371	1437	2762.698	1998.441	-36.062	871	1.229
"631"	14465	1446.4	2750.967	1996.91	-38.289	872	0.141
"632"	14488	1448.7	3708.959	1653.15	-27.262	873	2.031
"633"	14493	1449.2	2744.123	1998.588	-35.558	874	5.736
"634"	14498	1449.7	1475.725	8265.939	-176.353	875	7.676
"635"	14507	1450.6	2749.813	2000.002	-37.611	876	3.707
"636"	14549	1454.8	1354.684	8276.225	-175.226	877	0.943
"637"	14552	1455.1	-846.452	-1823.696	-211.494	878	2.734
"638"	14586	1458.5	2712.854	2043.13	-36.581	879	6.287
"639"	14592	1459.1	1269.362	8277.643	-177.273	880	5.058
"640"	14592	1459.1	2717.506	2051.663	-31.877	881	7.227
"641"	14614	1461.3	1220.755	8269.076	-177.587	882	4.572
"642"	14640	1463.9	1156.529	8262.713	-180.206	883	3.02
"643"	14655	1465.4	1119.182	8258.217	-176.23	884	2.197
"644"	14684	1468.3	-254.667	-1604.554	-184.008	885	3.74
"645"	14719	1471.8	4004.188	1936.388	-42.035	886	2.072
"646"	14753	1475.2	4038.217	1981.42	-42.931	887	2.541
"647"	14754	1475.3	2503.044	2075.434	-33.235	888	2.439
"648"	14802	1480.1	2428.408	2055.828	-43.1	889	0.782
"649"	14805	1480.4	2419.422	2063.959	-39.689	890	1.292
"650"	14819	1481.8	4120.037	2066.984	-45.639	891	2.136
"651"	14828	1482.7	2332.73	2052.315	-47.353	892	0.777
"652"	14840	1483.9	4136.666	2097.765	-46.086	893	3.516
"653"	14854	1485.3	4150.251	2118.683	-47.354	894	1.844
"654"	14864	1486.3	2335.587	2056.414	-46.871	895	2.087
"655"	14880	1487.9	4178.044	2150.612	-46.892	896	2.383
"656"	14901	1490	2285.87	2036.332	-35.138	897	1.654
"657"	14916	1491.5	4218.758	2198.625	-47.917	898	2.687
"658"	14936	1493.5	4242.724	2230.844	-43.616	899	1.431
"659"	14943	1494.2	498.711	8225.558	-180.586	900	3.682
"660"	14989	1498.8	2143.82	2034.346	-33.776	901	1.681
"661"	15035	1503.4	4327.248	2370.74	-52.82	903	1.05
"662"	15060	1505.9	4349.257	2415.123	-53.053	904	5.529
"663"	15241	1524	1319.874	-125.196	0.799	905	5.843
"664"	15340	1533.9	-387.479	8220.569	-172.408	906	3.034
"665"	15349	1534.8	1563.689	2003.688	-33.145	907	12.547
"666"	15377	1537.6	4501.186	2833.88	-65.074	908	1.795
"667"	15390	1538.9	4508.742	2851.146	-76.19	909	5.826
"668"	15413	1541.2	-3351.036	7263.946	-157.717	910	3.119
"669"	15548	1554.7	-3454.892	7087.114	-153.638	911	1.898
"670"	15558	1555.7	4523.457	3146.203	-81.444	912	4.656
"671"	15579	1557.8	4517.841	3170.893	-79.171	913	1.749
"672"	15601	1560	4517.473	3209.723	-76.33	914	2.505
"673"	15601	1560	-3469.153	7057.32	-45.69	915	9.205
"674"	15607	1560.6	4518.571	3220.225	-79.87	916	4.162
"675"	15627	1562.6	-3500.758	6847.865	91.835	918	41.263
"676"	15630	1562.9	-993.435	8243.36	-179.131	919	9.543
"677"	15639	1563.8	4510.41	3279.714	-80.03	920	1.245
"678"	15688	1568.7	-1138.366	8260.559	-174.842	921	2.52
"679"	15705	1570.4	4517.613	3396.179	-81.532	922	2.037
"680"	15727	1572.6	4526.913	3431.617	-69.766	923	2.555
"681"	15732	1573.1	4530.555	3436.871	-79.378	924	2.495
"682"	15752	1575.1	4519.5	3458.94	-68.17	925	0.979
"683"	15813	1581.2	-1404.332	8274.673	-171.71	926	2.002
"684"	15827	1582.6	-1431.762	8268.477	-174.142	927	1.201
"685"	15881	1588	-1550.212	8263.855	-171.172	928	4.251
"686"	15911	1591	4448.858	3687.196	-84.507	929	0.892
"687"	15925	1592.4	-1641.15	8264.045	-178.018	930	1.735
"688"	15950	1594.9	-1679.598	8259.929	-173.229	931	4.454
"689"	15969	1596.8	-1722.249	8263.513	-174.284	932	3.967
"690"	15976	1597.5	-1738.288	8260.039	-174.159	933	4.323
"691"	15995	1599.4	-849.412	-1830.708	-215.112	934	1.372
"692"	16050	1604.9	-1896.633	8255.828	-171.012	935	1.713
"693"	16110	1610.9	-2030.434	8246.127	-171.268	936	0.814
"694"	16193	1619.2	-2197.741	8210.619	-171.666	937	1.596
"695"	16239	1623.8	-2293.726	8191.448	-174.374	938	2.152
"696"	16267	1626.6	-2349.012	8160.611	-170.014	939	1.535
"697"	16348	1634.7	-2489.569	8090.061	-173.817	940	0.774
"698"	16378	1637.7	1342.119	-40.557	10.01	941	1.345
"699"	16387	1638.6	-2570.613	8067.222	-173.218	942	2.443
"700"	16401	1640	-2595.632	8051.388	-171.62	943	3.557
"701"	16434	1643.3	-2663.195	8028.267	-170.359	944	3.593
"702"	16571	1657	3940.092	4642.668	-92.54	945	0.631
"703"	16573	1657.2	-2911.873	7855.879	-167.028	946	3.136
"704"	16628	1662.7	-2992.803	7762.851	-164.244	947	2.347
"705"	16651	1665	-3031.758	7728.215	-164.382	948	5.012
"706"	16682	1668.1	-3074.167	7668.57	-162.419	949	2.866
"707"	16705	1670.4	3828.351	4843.221	-104.275	950	6.041
"708"	16753	1675.2	-653.394	2112.927	-36.169	951	0.24
"709"	16841	1684	-784.967	2115.352	-32.53	952	2.984
"710"	16860	1685.9	-3268.237	7399.881	-157.66	954	1.734
"711"	16907	1690.6	-3325.327	7328.018	-156.167	955	0.724
"712"	16913	1691.2	3694.953	5114.283	-110.231	956	0.843
"713"	16999	1699.8	3653.612	5220.505	-97.228	957	1.657
"714"	17043	1704.2	3620.367	5281.753	-98.354	958	0.644
"715"	17063	1706.2	-3331.28	7326.611	-156.402	959	0.452
"716"	17109	1710.8	3554.254	5380.011	-114.402	960	1.744
"717"	17119	1711.8	-1250.769	2074.255	-28.928	961	1.889
"718"	17132	1713.1	-3378.758	7217.999	-154.662	963	2.68
"719"	17174	1717.3	-3427.086	7149.491	-152.767	964	0.32
"720"	17187	1718.6	-1362.165	2037.359	-35.134	965	0.344
"721"	17252	1725.1	-3478.664	7057.729	-152.217	966	2.621
"722"	17286	1728.5	-3527.571	6405.157	-144.009	967	10.224
"723"	17318	1731.7	-1570.047	1965.037	-34.413	968	1.626
"724"	17353	1735.2	-1622.278	1936.682	-33.554	969	1.629
"725"	17451	1745	-1763.379	1875.154	-34.329	970	1.626
"726"	17563	1756.2	-1913.616	1775.227	-26.953	971	2.965
"727"	17589	1758.8	-1951.455	1748.745	-28.773	973	5.533
"728"	17603	1760.2	-1966.624	1737.983	-28.548	974	4.032
"729"	17647	1764.6	-2033.237	1695.949	-27.423	975	0.765
"730"	17703	1770.2	-2100.75	1636.687	-21.979	976	2.926
"731"	17760	1775.9	-2180.765	1583.259	-20.037	977	0.725
"732"	18169	1816.8	2313.056	2084.876	-7.724	979	23.737
"733"	18385	1838.4	2524.252	2041.094	-40.12	980	6.227
"734"	18390	1838.9	2520.167	2042.659	-51.691	981	0.079
"735"	18441	1844	2523.4	2041.456	-40.177	982	0.054
"736"	18529	1852.8	2522.914	2036.927	-46.015	983	0.182
"737"	18654	1865.3	-2682.181	222.91	8.951	984	0.669
"738"	19042	1904.1	-2629.769	-410.15	12.791	985	2.589
"739"	19351	1935	1587.034	1976.724	-41.249	986	0.938
"740"	19437	1943.6	1586.918	1976.216	-41.522	987	0.624
"741"	19487	1948.6	2525.355	2025.37	-38.152	988	1.417
"742"	19595	1959.4	2512.811	2018.535	-84.012	989	40.563
"743"	19681	1968	2512.215	2033.433	-40.007	990	0.706
"744"	19827	1982.6	-3466.979	7027.884	-149.832	991	1.876
"745"	19912	1991.1	2332.698	2004.387	-38.159	992	4.777
"746"	19967	1996.6	1587.337	1976.051	-41.595	993	0.53
"747"	20209	2020.8	1587.09	1975.894	-41.68	994	0.386
"748"	20288	2028.7	1586.889	1976.099	-41.512	995	0.293
"749"	20353	2035.2	1587.038	1975.908	-41.684	996	0.299
"750"	20399	2039.8	1586.896	1976.084	-41.544	997	0.274
"751"	20513	2051.2	1586.777	1977.136	-40.832	998	0.368
"752"	20629	2062.8	2559.547	2017.623	-45.163	999	2.676
"753"	20635	2063.4	1587.446	1976.688	-41.258	1000	0.152
"754"	20657	2065.6	2562.244	2023.882	-40.457	1001	4.16
"755"	20663	2066.2	2568.174	2024.956	-41.319	1002	1.398
"756"	20737	2073.6	2596.368	2044.054	-42.665	1003	0.485
"757"	20798	2079.7	2566.391	2003.717	-43.433	1004	0.393
"758"	20840	2083.9	1587.273	1975.989	-41.475	1005	0.104
"759"	20867	2086.6	2524.481	2035.226	-43.485	1006	0.363
"760"	21032	2103.1	2506.673	2029.154	-42.569	1007	0.321
"761"	22294	2229.3	-3445.412	6567.667	-3.909	1008	78.625
"762"	22296	2229.5	1594.107	1975.876	-44.019	1009	0.167
"763"	22399	2239.8	2438.897	2069.337	-46.623	1010	1.495
"764"	22696	2269.5	-402.43	8211.42	-183.189	1011	1.098
"765"	22814	2281.3	1315.433	-125.995	7.687	1012	10.926
"766"	22929	2292.8	2444.873	2067.207	-47.297	1013	6.449
"767"	23042	2304.1	2446.069	2069.978	-43.005	1014	0.184
"768"	23129	2312.8	2446.195	2069.779	-43.381	1015	0.217
"769"	25958	2595.7	1585.579	1985.222	-41.289	1016	0.579
"770"	25984	2598.3	-1838.981	1825.076	-24.399	1017	2.593
"771"	25995	2599.4	1585.507	1985.771	-40.939	1018	0.158
"772"	26022	2602.1	-1918.742	1776.618	-22.56	1019	2.504
"773"	26037	2603.6	-1966.025	1743.522	-22.511	1020	5.206
"774"	26080	2607.9	1584.916	1985.384	-41.086	1021	0.38
"775"	26081	2608	-2088.979	1648.927	-17.769	1022	3.097
"776"	26099	2609.8	-2130.661	1632.56	-10.047	1023	1.201
"777"	26139	2613.8	-2215.924	1558.439	-12.054	1024	3.778
"778"	26236	2623.5	-2415.717	1292.161	-16.449	1025	2.506
"779"	26357	2635.6	-2549.822	1004.009	-12.603	1026	11.752
"780"	26386	2638.5	1584.57	1981.189	-40.931	1027	0.082
"781"	26399	2639.8	-2586.139	881.599	-11.172	1028	4.899
"782"	26452	2645.1	-2602.763	802.877	-6.501	1029	0.208
"783"	26493	2649.2	1586.409	1979.466	-41.94	1030	0.161
"784"	26559	2655.8	1585.477	1979.807	-36.437	1031	3.372
"785"	26564	2656.3	-2661.522	414.155	3.943	1032	2.238
"786"	26586	2658.5	-2666.053	342.707	4.31	1033	3.437
"787"	26649	2664.8	-2674.692	145.369	8.533	1034	4.846
"788"	26667	2666.6	-2678.078	76.678	7.643	1035	2.116
"789"	26682	2668.1	-2681.533	27.117	9.521	1036	3.105
"790"	26699	2669.8	-2675.478	-10.581	10.573	1037	3.537
"791"	26720	2671.9	-2683.527	-70.836	12.135	1038	5.685
"792"	26728	2672.7	-2680.806	-95.212	11.015	1039	4.946
"793"	26737	2673.6	-435.641	8231.735	-178.785	1040	0.579
"794"	26757	2675.6	-2667.472	-180.711	12.324	1041	3.606
"795"	26761	2676	1586.55	1981.311	-40.597	1042	0.02
"796"	26817	2681.6	1586.696	1981.349	-40.708	1043	0.171
"797"	26823	2682.2	-496.03	8215.178	-176.732	1044	0.948
"798"	26828	2682.7	-2619.536	-432.827	16.112	1045	1.582
"799"	26893	2689.2	-2591.54	-634.119	21.336	1046	12.36
"800"	26906	2690.5	-2571.982	-683.4	21.22	1047	5.525
"801"	26937	2693.6	-2545.176	-781.566	23.187	1048	9.235
"802"	26945	2694.4	-2540.154	-809.367	24.763	1049	2.318
"803"	26973	2697.2	-2514.442	-893.729	32.443	1050	3.684
"804"	26989	2698.8	-2490.773	-943.619	26.243	1051	5.38
"805"	27004	2700.3	-2467.003	-1003.383	34.263	1052	4.178
"806"	27013	2701.2	-2464.042	-1020.996	28.696	1053	4.405
"807"	27078	2707.7	-2325.53	-1237.251	32.102	1054	4.038
"808"	27113	2711.2	1590.738	1983.283	-42.321	1055	0.108
"809"	27230	2722.9	1590.552	1982.892	-43.285	1056	0.124
"810"	27288	2728.7	1590.584	1983.388	-42.838	1057	0.274
"811"	27330	2732.9	1590.632	1983.135	-43.546	1058	0.537
"812"	27372	2737.1	1590.748	1983.801	-42.257	1059	0.256
"813"	27431	2743	-1475.76	-1939.496	47.311	1060	3.718
"814"	27474	2747.3	1591.267	1983.087	-41.944	1061	0.138
"815"	27496	2749.5	1591.491	1982.91	-42.382	1062	0.239
"816"	27496	2749.5	-1240.839	-1974.057	46.596	1063	3.255
"817"	27559	2755.8	-531.076	-2067.245	-263.454	1064	1.512
"818"	27571	2757	-987.094	-2030.157	47.574	1065	3.531
"819"	27593	2759.2	1324.393	-108.587	3.948	1066	0.335
"820"	27602	2760.1	1322.401	-112.306	12.201	1067	1.361
"821"	27612	2761.1	1324.75	-113.365	-3.331	1068	0.865
"822"	27613	2761.2	-835.02	-2034.644	52.36	1069	4.074
"823"	27691	2769	-571.006	-2017.258	49.391	1070	1.527
"824"	27695	2769.4	1382.247	-13.206	4.913	1071	43.434
"825"	27728	2772.7	-453.858	-2011.478	44.094	1072	4.014
"826"	27759	2775.8	1497.79	128.266	15.123	1073	10.735
"827"	27760	2775.9	-379.089	-1982.024	48.076	1074	4.205
"828"	27767	2776.6	1508.597	153.098	7.731	1075	3.86
"829"	27783	2778.2	1540.327	187.809	5.737	1076	5.683
"830"	27795	2779.4	-284.828	-1965.711	43.787	1077	4.06
"831"	27801	2780	-843.108	-1822.167	-215.754	1078	0.928
"832"	27808	2780.7	1559.682	229.502	4.501	1079	2.335
"833"	27820	2781.9	1580.383	254.716	2.813	1080	1.92
"834"	27826	2782.5	-173.463	-1931.066	45.325	1081	3.49
"835"	27836	2783.5	-141.615	-1927.3	43.025	1082	3.266
"836"	27851	2785	1624.603	318.175	4.805	1084	3.555
"837"	27868	2786.7	1643.012	350.084	1.302	1085	1.083
"838"	27873	2787.2	-24.678	-1866.269	41.332	1086	1.23
"839"	27884	2788.3	12.815	-1849.67	39.349	1087	3.676
"840"	27898	2789.7	46.777	-1825.412	39.274	1088	1.992
"841"	27930	2792.9	1745.88	457.639	3.285	1089	4.177
"842"	27940	2793.9	182.643	-1750.049	44.707	1090	5.292
"843"	27951	2795	1769.18	488.7	1.634	1091	7.179
"844"	27961	2796	3254.778	1404.38	-24.587	1092	1.383
"845"	27970	2796.9	257.709	-1696.793	46.369	1093	2.528
"846"	27976	2797.5	1819.044	514.281	9.965	1094	5.15
"847"	28010	2800.9	1886.345	568.672	-0.945	1095	6.131
"848"	28025	2802.4	397.118	-1572.081	41.644	1096	6.986
"849"	28040	2803.9	1943.868	621.449	-1.355	1097	4.313
"850"	28046	2804.5	442.522	-1531.328	36.857	1098	7.565
"851"	28050	2804.9	1962.715	635.577	-1.312	1099	2.566
"852"	28071	2807	1588.658	1986.914	-41.567	1100	0.106
"853"	28076	2807.5	1999.773	671.089	-3.613	1101	4.417
"854"	28082	2808.1	522.24	-1442.001	40.391	1102	3.934
"855"	28099	2809.8	2055.082	706.388	4.126	1103	2.557
"856"	28116	2811.5	2096.53	733.134	-5.654	1104	3.501
"857"	28118	2811.7	600.546	-1351.789	38.069	1105	7.715
"858"	28142	2814.1	2148.658	772.568	-10.2	1106	5.486
"859"	28145	2814.4	652.57	-1279.695	37.715	1107	4.057
"860"	28160	2815.9	2191.546	805.454	-6.531	1108	5.074
"861"	28187	2818.6	1588.426	1986.961	-41.487	1109	0.43
"862"	28200	2819.9	2279.368	853.316	0.86	1110	1.221
"863"	28209	2820.8	779.403	-1086.79	31.964	1111	3.976
"864"	28227	2822.6	3309.959	1414.178	-28.956	1112	3.153
"865"	28234	2823.3	2319.775	891.707	-16.368	1113	7.153
"866"	28255	2825.4	863.54	-966.157	29.57	1114	4.619
"867"	28283	2828.2	3337.419	1427.415	-33.349	1115	6.155
"868"	28284	2828.3	911.022	-879.131	28.108	1116	4.999
"869"	28304	2830.3	948.062	-823.338	24.195	1117	5.867
"870"	28307	2830.6	2468.11	971.348	-8.276	1118	1.657
"871"	28314	2831.3	1588.147	1987.309	-41.241	1119	0.449
"872"	28352	2835.1	1018.465	-688.521	15.231	1120	6.993
"873"	28385	2838.4	2637.368	1077.747	-10.047	1121	3.892
"874"	28389	2838.8	1086.775	-572.733	15.349	1122	6.228
"875"	28446	2844.5	1177.235	-390.611	18.763	1123	2.671
"876"	28487	2848.6	1243.898	-278.69	12.054	1124	3.91
"877"	28514	2851.3	1282.438	-192.91	14.185	1125	3.583
"878"	28522	2852.1	3379.784	1455.032	-27.918	1126	2.984
"879"	28564	2856.3	3000.678	1237.301	-21.598	1127	4.593
"880"	28572	2857.1	3433.957	1488.378	-26.132	1128	1.557
"881"	28581	2858	3026.225	1267.632	-21.061	1129	2.686
"882"	28588	2858.7	3043.539	1279.267	-18.893	1130	2.766
"883"	28590	2858.9	1397.154	20.822	17.004	1131	2.792
"884"	28615	2861.4	3477.327	1518.512	-33.579	1132	0.628
"885"	28662	2866.1	3206.038	1349.82	-20.501	1133	7.359
"886"	28666	2866.5	3531.348	1541.027	-29.108	1134	0.545
"887"	28724	2872.3	1678.329	382.698	6.181	1135	2.665
"888"	28736	2873.5	3351.621	1458.552	-33.719	1136	0.447
"889"	28769	2876.8	3644.558	1617.929	-34.526	1137	2.075
"890"	28807	2880.6	1878.793	581.975	-0.358	1138	5.083
"891"	28828	2882.7	1932.006	616.185	-1.441	1139	4.402
"892"	28841	2884	3720.465	1667.166	-39.541	1140	6.714
"893"	28854	2885.3	2009.08	658.982	-4.556	1141	3.476
"894"	28871	2887	3750.102	1689.22	-39.844	1142	2.786
"895"	28884	2888.3	2081.696	713.511	-5.982	1143	3.07
"896"	28905	2890.4	3782.446	1725.716	-41.217	1144	6.551
"897"	28910	2890.9	2151.185	774.876	4.339	1145	1.858
"898"	28923	2892.2	2191.113	807.668	-2.028	1146	2.411
"899"	28957	2895.6	3827.271	1771.722	-41.059	1147	1.04
"900"	28966	2896.5	2315.083	887.508	-5.984	1148	4.44
"901"	28981	2898	3853.246	1789.445	-41.476	1149	1.091
"902"	28994	2899.3	3861.54	1799.078	-43.834	1150	8.906
"903"	29018	2901.7	3889.745	1826.29	-42.378	1151	2.452
"904"	29050	2904.9	2572.316	1032.455	-21.037	1152	14.068
"905"	29076	2907.5	3946.609	1882.551	-44.576	1153	6.066
"906"	29118	2911.7	2782.724	1171.836	-12.932	1154	5.145
"907"	29146	2914.5	4011.542	1962.863	-47.187	1155	1.3
"908"	29221	2922	4082.201	2048.846	-50.948	1156	2.894
"909"	29246	2924.5	4106.542	2074.663	-55.284	1157	6.846
"910"	29283	2928.2	4128.29	2110.209	-52.125	1158	5.19
"911"	29348	2934.7	4183.192	2189.535	-49.02	1159	3.414
"912"	29369	2936.8	4202.851	2218.097	-50.547	1160	1.028
"913"	29424	2942.3	4245.269	2264.481	-51.553	1161	3.242
"914"	29434	2943.3	4253.673	2275.677	-52.368	1162	4.616
"915"	29468	2946.7	4285.523	2317.792	-52.203	1163	1.686
"916"	29562	2956.1	4037.727	1990.951	-44.173	1164	6.018
"917"	29590	2958.9	4101.954	2071.282	-45.054	1165	6.117
"918"	29613	2961.2	4153.58	2146.407	-41.696	1166	5.279
"919"	29644	2964.3	4225.823	2232.084	-48.548	1167	2.978
"920"	29668	2966.7	2312.745	2065.45	-42.503	1168	0.247
"921"	29669	2966.8	4266.867	2303.882	-50.187	1169	3.264
"922"	29724	2972.3	-847.57	-1825.765	-212.298	1170	0.413
"923"	29757	2975.6	4409.981	2545.311	-50.605	1171	3.032
"924"	29773	2977.2	4446.52	2706.56	-61.167	1172	0.52
"925"	29794	2979.3	2273.009	2043.719	-39.824	1173	0.894
"926"	29794	2979.3	4449.585	2725.607	-61.462	1174	4.084
"927"	29799	2979.8	4456.841	2730.444	-57.049	1175	2.694
"928"	29807	2980.6	2272.671	2035.829	-36.847	1176	1.72
"929"	29819	2981.8	4466.071	2758.43	-55.752	1177	5.037
"930"	29820	2981.9	2289.445	2027.969	-36.522	1178	1.823
"931"	29824	2982.3	4465.652	2767.548	-58.013	1179	3.433
"932"	29826	2982.5	2286.32	2021.182	-33.323	1180	9.397
"933"	29833	2983.2	2274.98	2010.894	-33.031	1181	2.503
"934"	29845	2984.4	4474.164	2786.9	-61.23	1182	1.568
"935"	29851	2985	2233.607	2021.808	-39.239	1183	3.113
"936"	29870	2986.9	-279.936	-1646.455	-189.911	1184	2.157
"937"	29874	2987.3	4484.269	2825.594	-56.809	1185	3.097
"938"	29876	2987.5	2181.938	2026.317	-35.106	1186	8.21
"939"	29898	2989.7	2125.581	2023.897	-40.62	1187	1.115
"940"	29921	2992	4498.826	2886.756	-57.899	1188	2.001
"941"	29921	2992	4527.149	3051.21	-75.406	1189	2.439
"942"	29928	2992.7	4502.59	2895.563	-57.933	1190	3.007
"943"	29955	2995.4	4506.39	3156.899	-75.887	1191	7.719
"944"	29960	2995.9	4507.586	3181.029	-76.137	1192	1.506
"945"	29964	2996.3	4508.138	2951.936	-61.09	1193	1.012
"946"	29997	2999.6	4498.071	2984.423	-61.907	1194	1.856
"947"	29998	2999.7	4516.928	3296.349	-77.622	1195	2.53
"948"	30002	3000.1	4498.913	2990.623	-57.886	1196	3.564
"949"	30008	3000.7	4494.938	2997.608	-64.508	1197	4.496
"950"	30018	3001.7	4510.732	3369.015	-67.696	1198	4.679
"951"	30030	3002.9	4503.49	3416.079	-81.775	1199	2.11
"952"	30031	3003	4498.28	3021.823	-65.476	1200	1.054
"953"	30041	3004	4496.89	3448.8	-80.58	1201	0.748
"954"	30042	3004.1	4500.337	3035.452	-65.795	1202	4.134
"955"	30057	3005.6	4503.653	3060.068	-60.47	1203	1.812
"956"	30063	3006.2	4480.295	3515.012	-76.413	1204	2.437
"957"	30069	3006.8	4501.358	3077.395	-59.708	1205	2.404
"958"	30074	3007.3	4501.816	3084.486	-62.278	1206	0.233
"959"	30077	3007.6	4470.515	3568.911	-79.877	1207	4.306
"960"	30133	3013.2	4505.655	3156.526	-67.881	1208	5.984
"961"	30180	3017.9	4356.354	3896.237	-88.33	1209	9.609
"962"	30198	3019.7	4517.473	3242.359	-63.396	1210	3.543
"963"	30199	3019.8	1641.092	1997.664	-38.386	1211	5.324
"964"	30247	3024.6	2559.434	2037.937	-38.688	1212	7.031
"965"	30286	3028.5	2545.435	2046.686	-44.494	1213	1.843
"966"	30287	3028.6	4487.619	3331.374	-65.28	1214	4.576
"967"	30305	3030.4	2550.662	2022.409	-44.442	1215	4.402
"968"	30313	3031.2	4487.833	3368.413	-66.495	1216	1.11
"969"	30344	3034.3	4125.688	4320.727	-94.405	1217	1.149
"970"	30362	3036.1	2568.946	2027.087	-39.373	1218	0.137
"971"	30378	3037.7	2549.882	2023.319	-44.347	1219	0.144
"972"	30386	3038.5	2555.623	2012.665	-38.093	1220	1.254
"973"	30435	3043.4	4460.086	3524.548	-69.086	1221	4.248
"974"	30439	3043.8	2558.861	2026.364	-42.143	1222	3.108
"975"	30440	3043.9	4462.325	3525.819	-68.045	1223	7.178
"976"	30599	3059.8	2531.079	2020.859	-45.073	1224	3.654
"977"	30635	3063.4	2535.174	2024.294	-44.945	1225	0.013
"978"	30676	3067.5	3644.563	5216.504	-109.499	1226	6.497
"979"	30754	3075.3	1583.486	1993.11	-41.485	1227	0.573
"980"	30776	3077.5	3525.358	5487.087	-118.55	1228	10.654
"981"	30809	3080.8	1585.891	1994.72	-40.917	1229	0.16
"982"	30945	3094.4	3337.2	6058.574	-134.316	1230	4.333
"983"	30960	3095.9	2483.497	2031.024	-42.446	1231	0.452
"984"	30985	3098.4	3296.79	6192.026	-134.991	1232	4.053
"985"	31007	3100.6	3292.966	6261.885	-138.869	1233	2.404
"986"	31050	3104.9	3241.752	6401.639	-128.679	1234	2.143
"987"	31095	3109.4	3195.848	6563.008	-146.508	1235	4.094
"988"	31135	3113.4	3152.115	6669.905	-150.699	1236	2.887
"989"	31166	3116.5	3109.731	6771.062	-150.894	1237	10.443
"990"	31190	3118.9	3100.127	6839.921	-150.556	1238	7.17
"991"	31211	3121	3083.079	6915.309	-152.864	1239	4.598
"992"	31352	3135.1	3991.958	4545.361	-85.052	1240	6.225
"993"	31406	3140.5	2535.879	2018.907	-46.264	1241	0.069
"994"	31467	3146.6	2528.128	2002.284	-55.078	1242	2.202
"995"	31470	3146.9	2570.673	7656.722	-160.176	1243	3.108
"996"	31482	3148.1	2539.874	7685.927	-161.328	1244	1.826
"997"	31509	3150.8	3906.908	4708.722	-100.621	1245	1.406
"998"	31542	3154.1	2426.976	7820.805	-165.823	1246	2.123
"999"	31577	3157.6	2347.488	7878.258	-165.651	1247	3.004
"1000"	31614	3161.3	3856.11	4817.367	-89.908	1248	5.015
"1001"	31622	3162.1	2525.908	2023.632	-38.058	1249	2.796
"1002"	31625	3162.4	3839.12	4822.871	-108.1	1250	4.503
"1003"	31646	3164.5	2150.569	8020.273	-170.255	1251	2.827
"1004"	31679	3167.8	2069.284	8098.773	-172.04	1252	2.997
"1005"	31709	3170.8	3815.833	4885.178	-100.438	1253	0.893
"1006"	31732	3173.1	3806.493	4907.096	-102.469	1254	0.43
"1007"	31740	3173.9	3810.438	4919.82	-91.931	1255	8.198
"1008"	31750	3174.9	1841.037	8197.24	-176.737	1256	4.16
"1009"	31750	3174.9	3800.913	4928.528	-96.416	1257	1.722
"1010"	31762	3176.1	2376.739	2047.09	-39.985	1258	0.889
"1011"	31770	3176.9	3781.265	4944.919	-106.731	1259	0.507
"1012"	31778	3177.7	3774.925	4955.469	-100.389	1260	1.037
"1013"	31782	3178.1	2341.99	2051.005	-34.543	1261	0.829
"1014"	31783	3178.2	3768.387	4961.417	-103.514	1262	1.296
"1015"	31797	3179.6	3766.728	4988.589	-92.705	1263	2.392
"1016"	31802	3180.1	-1389.279	2035.284	-35.396	1264	8.734
"1017"	31812	3181.1	-1395.985	2029.145	-27.388	1265	1.352
"1018"	31814	3181.3	3760.112	5004.715	-93.5	1266	9.87
"1019"	31824	3182.3	-1431.055	2016.441	-30.288	1267	11.729
"1020"	31840	3183.9	2234.984	2025.933	-30.854	1268	3.951
"1021"	31862	3186.1	1501.507	8261.912	-179.953	1269	1.329
"1022"	31867	3186.6	-1519.137	1990.902	-32.723	1270	1.638
"1023"	31867	3186.6	2190.946	2022.861	-26.968	1271	3.057
"1024"	31885	3188.4	-1554.862	1975.016	-29.399	1272	2.91
"1025"	31893	3189.2	-1568.943	1963.028	-29.363	1273	1.412
"1026"	31914	3191.3	-1611.798	1943.45	-35.057	1274	3.436
"1027"	31925	3192.4	2153.795	2036.289	-47.101	1275	0.073
"1028"	31933	3193.2	2048.822	2013.032	-30.445	1277	2.467
"1029"	31933	3193.2	3705.955	5096.024	-95.237	1278	8.356
"1030"	31941	3194	3700.7	5107.204	-94.717	1279	2.477
"1031"	31965	3196.4	3697.521	5130.096	-93.941	1280	11.97
"1032"	31968	3196.7	-1730.602	1888.938	-33.562	1281	6.321
"1033"	31976	3197.5	3410.823	1508.241	-28.171	1282	2.076
"1034"	31977	3197.6	-1752.725	1880.057	-35.23	1283	6.173
"1035"	31986	3198.5	-1762.382	1873.474	-35.129	1284	6.545
"1036"	31992	3199.1	-1778.326	1868.705	-34.593	1285	3.669
"1037"	32001	3200	3680.174	5150.573	-109.45	1286	2.936
"1038"	32016	3201.5	3665.663	5167.811	-101.276	1287	2.635
"1039"	32022	3202.1	3665.261	5177.854	-95.057	1288	10.325
"1040"	32039	3203.8	3656.716	5194.351	-95.644	1289	9.547
"1041"	32052	3205.1	-1897.868	1805.183	-26.5	1290	3.044
"1042"	32066	3206.5	3643.224	5223.846	-96.561	1291	4.49
"1043"	32079	3207.8	-1948.039	1771.921	-23.493	1292	1.614
"1044"	32091	3209	-1967.728	1758.565	-24.77	1293	2.874
"1045"	32096	3209.5	1754.766	2018.223	-29.568	1294	4.017
"1046"	32101	3210	3609.893	5248.481	-112.029	1295	9.636
"1047"	32106	3210.5	3614.446	5265.77	-97.715	1296	0.702
"1048"	32108	3210.7	1733.354	2006.111	-37.011	1297	1.77
"1049"	32113	3211.2	-2007.668	1724.787	-19.377	1298	3.494
"1050"	32115	3211.4	3606.535	5272.085	-107.27	1299	10.438
"1051"	32121	3212	681.197	8231.967	-180.94	1300	3.484
"1052"	32122	3212.1	3609.392	5285.467	-97.198	1301	0.172
"1053"	32130	3212.9	3593.031	5287.274	-110.07	1302	9.985
"1054"	32135	3213.4	632.434	8223.059	-181.487	1303	2.707
"1055"	32141	3214	-2044.198	1690.302	-27.598	1304	3.164
"1056"	32141	3214	3589.865	5305.368	-106.779	1305	9.884
"1057"	32146	3214.5	1650.758	2000.942	-27.996	1306	2.557
"1058"	32153	3215.2	3585.006	5322.986	-108.302	1307	10.346
"1059"	32159	3215.8	3579.857	5326.566	-114.041	1308	0.369
"1060"	32163	3216.2	538.44	8225.292	-181.428	1309	3.825
"1061"	32167	3216.6	3584.441	5343.256	-98.968	1310	4.605
"1062"	32172	3217.1	3583.055	5352.287	-97.716	1311	0.93
"1063"	32175	3217.4	-2093.628	1680.22	-20.126	1312	6.824
"1064"	32205	3220.4	3562.3	5371.068	-115.125	1314	3.209
"1065"	32214	3221.3	-2154.288	1604.365	-10.994	1315	2.443
"1066"	32214	3221.3	3560.001	5383.918	-106.006	1316	3.612
"1067"	32237	3223.6	1509.076	1988.715	-28.152	1317	2.778
"1068"	32240	3223.9	3543.836	5415.626	-113.568	1318	1.511
"1069"	32245	3224.4	-2205.464	1558.382	-9.872	1319	3.196
"1070"	32253	3225.2	3529.097	5426.388	-116.507	1320	1.199
"1071"	32260	3225.9	-2226.766	1553.236	-20.546	1321	6.823
"1072"	32295	3229.4	3520.909	5475.82	-107.153	1322	6.448
"1073"	32302	3230.1	2280.328	1981.886	-37.5	1323	6.643
"1074"	32312	3231.1	-2308.087	1467.2	-12.641	1324	1.905
"1075"	32336	3233.5	2279.796	1976.537	-34.809	1325	0.124
"1076"	32338	3233.7	3505.777	5523.016	-109.029	1326	7.865
"1077"	32355	3235.4	2279.742	1974.914	-42.065	1327	9.384
"1078"	32388	3238.7	3474.166	5594.369	-103.561	1328	1.65
"1079"	32393	3239.2	2304.018	1994.216	-38.655	1329	1.632
"1080"	32413	3241.2	3460.266	5622.928	-112.404	1331	5.092
"1081"	32413	3241.2	-2418.988	1318.982	-19.471	1332	7.418
"1082"	32441	3244	-2427.93	1269.346	-16.077	1333	2.386
"1083"	32473	3247.2	-566.597	8230.522	-181.276	1334	3.394
"1084"	32481	3248	-2471.475	1202.643	-7.956	1335	2.006
"1085"	32488	3248.7	-2477.713	1191.249	-11.519	1336	3.253
"1086"	32495	3249.4	-2480.706	1179.808	-11.256	1337	4.221
"1087"	32513	3251.2	-2489.538	1142.379	-9.774	1338	5.441
"1088"	32529	3252.8	-2505.839	1109.259	-2.738	1339	6.36
"1089"	32533	3253.2	-768.6	8242.036	-179.909	1340	4.565
"1090"	32576	3257.5	-2550.198	1028.601	2.708	1341	6.845
"1091"	32590	3258.9	3404.23	5840.035	-109.141	1342	0.389
"1092"	32615	3261.4	-1027.286	8239.783	-176.464	1344	2.965
"1093"	32630	3262.9	-1077.233	8244.125	-178.579	1345	4.132
"1094"	32640	3263.9	2135.246	2015.502	-45.321	1346	2.756
"1095"	32642	3264.1	4513.474	3221.978	-63.706	1347	4.772
"1096"	32647	3264.6	4514.651	3227.424	-69.205	1348	2.232
"1097"	32647	3264.6	4518.958	3228.798	-65.134	1349	2.168
"1098"	32649	3264.8	-1140.41	8265.423	-178.821	1350	3.211
"1099"	32688	3268.7	-1261.715	8262.502	-179.45	1351	1.493
"1100"	32696	3269.5	2139.221	2011.59	-39.17	1352	2.595
"1101"	32698	3269.7	-1288.701	8260.07	-175.858	1353	3.225
"1102"	32717	3271.6	-1355.919	8260.431	-176.335	1354	5.238
"1103"	32760	3275.9	3336.547	6034.963	-128.391	1355	2.736
"1104"	32793	3279.2	-1622.718	8266.988	-178.573	1356	5.255
"1105"	32813	3281.2	3337.507	6101.417	-115.226	1357	1.997
"1106"	32836	3283.5	-1799.978	8257.272	-180.041	1358	5.008
"1107"	32837	3283.6	-2662.203	497.674	9.827	1359	3.642
"1108"	32878	3287.7	-1931.74	8260.944	-176.096	1360	5.065
"1109"	32880	3287.9	3311.433	6169.395	-117.363	1361	1.882
"1110"	32902	3290.1	3301.919	6195.152	-119.877	1362	2.767
"1111"	32940	3293.9	3292.289	6233.474	-127.51	1363	6.641
"1112"	32948	3294.7	3293.59	6248.84	-119.921	1364	0.668
"1113"	32968	3296.7	3275.314	6268.533	-137.611	1365	1.228
"1114"	32975	3297.4	3271.522	6277.48	-137.542	1366	1.179
"1115"	32995	3299.4	-2679.78	169.256	5.127	1367	6.969
"1116"	33008	3300.7	-2685.349	141.819	3.367	1368	6.332
"1117"	33013	3301.2	-2687.753	126.097	7.379	1369	2.615
"1118"	33027	3302.6	3242.182	6341.412	-141.54	1370	0.346
"1119"	33042	3304.1	2552.056	1970.499	-45.062	1371	0.024
"1120"	33049	3304.8	-2500.153	8091.198	-174.374	1372	1.357
"1121"	33057	3305.6	3256.054	6362.795	-123.944	1373	2.267
"1122"	33074	3307.3	3256.53	6381.965	-123.294	1374	4.042
"1123"	33089	3308.8	3244.506	6395.623	-138.22	1375	0.6
"1124"	33096	3309.5	-2658.771	8012.159	-171.557	1376	4.626
"1125"	33106	3310.5	3228.115	6411.045	-139.738	1377	2.382
"1126"	33109	3310.8	-2700.943	7997.293	-170.425	1378	3.779
"1127"	33121	3312	-2740.776	7969.896	-170.402	1379	3.639
"1128"	33140	3313.9	3215.953	6459.076	-137.928	1380	5.768
"1129"	33162	3316.1	3206.256	6479.698	-143.201	1381	10.45
"1130"	33170	3316.9	-2890.19	7865.426	-167.452	1382	3.218
"1131"	33210	3320.9	-2996.045	7759.442	-164.726	1383	5.003
"1132"	33210	3320.9	-2657.963	-198.412	8.422	1384	5.716
"1133"	33220	3321.9	3214.75	6534.531	-125.485	1385	3.287
"1134"	33240	3323.9	-2659.647	-272.309	26.06	1386	6.223
"1135"	33271	3327	3183.528	6589.025	-136.894	1387	5.894
"1136"	33321	3332	3157.322	6641.488	-144.738	1388	1.13
"1137"	33322	3332.1	-2620.957	-430.699	15.473	1389	1.98
