"frame_number"	"time_in_deciseconds"	"X"	"Y"	"Z"	"ID"	"distance"
"1"	33324	3332.3	209.572	10.067	47.903	1	NA
"2"	33324	3332.3	576.264	9.401	47.893	3	NA
"3"	33324	3332.3	9.866	9.388	47.848	7	NA
"4"	33324	3332.3	8.835	375.619	47.91	8	NA
"5"	1926	192.5	2765.248	1982.279	-51.938	96	NA
"6"	1916	191.5	2713.132	2542.376	-229.837	102	NA
"7"	1927	192.6	2728.135	1962.984	-89.556	105	NA
"8"	14396	1439.5	2750.683	1982.33	-43.447	107	NA
"9"	14369	1436.8	2746.896	1985.744	-55.05	109	NA
"10"	1959	195.8	2841.297	2546.909	-133.348	112	NA
"11"	1983	198.2	2719.399	2537.829	-230.854	121	NA
"12"	3932	393.1	2732.975	1985.816	-47.804	122	NA
"13"	33324	3332.3	2680.728	1989.966	-45.707	138	NA
"14"	2095	209.4	2711.964	2556.594	-206.011	145	NA
"15"	2547	254.6	2669.495	1983.976	-43.37	148	NA
"16"	2194	219.3	2830.934	2514.908	-151.574	149	NA
"17"	2170	216.9	2700.706	2572.852	-158.7	156	NA
"18"	20630	2062.9	2520.019	2046.812	-46.255	163	NA
"19"	2278	227.7	2704.9	2545.663	-217.233	169	NA
"20"	2285	228.4	2532.903	2088.226	89.736	172	NA
"21"	18392	1839.1	2520.382	2043.866	-46.175	173	NA
"22"	2571	257	2633.291	1998.508	-19.359	201	NA
"23"	2597	259.6	2677.273	1964.702	-37.704	203	NA
"24"	4381	438	3148.132	1936.052	-39.361	208	NA
"25"	3338	333.7	2389.949	1993.925	-44.901	210	NA
"26"	2766	276.5	2709.027	2532.501	-244.098	216	NA
"27"	2830	282.9	2715.625	2528.889	-233.882	218	NA
"28"	19906	1990.5	2327.978	1994.52	-44.415	219	NA
"29"	3045	304.4	2726.79	2533.734	-234.725	229	NA
"30"	3352	335.1	2388.619	1994.599	-45.283	232	NA
"31"	33324	3332.3	2197.761	1986.019	-43.812	233	NA
"32"	3172	317.1	2351.511	2001.984	-67.905	234	NA
"33"	3188	318.7	2328.607	2001.974	-15.671	235	NA
"34"	6845	684.4	-1631.112	-1890.022	44.928	239	NA
"35"	3265	326.4	2152.782	2039.341	36.228	240	NA
"36"	33324	3332.3	2120.429	2004.385	-43.686	241	NA
"37"	33324	3332.3	2418.09	1991.418	-45.887	243	NA
"38"	3324	332.3	2700.239	2562.184	-132.399	244	NA
"39"	6314	631.3	2700.837	2052.881	-29.784	245	NA
"40"	12368	1236.7	2395.545	1974.139	-45.364	246	NA
"41"	3367	336.6	2321.086	1995.173	-42.402	247	NA
"42"	3423	342.2	2150.841	1998.626	-38.171	248	NA
"43"	4802	480.1	2750.202	2097.706	-36.413	249	NA
"44"	3522	352.1	1795.634	2024.98	-30.285	250	NA
"45"	6991	699	-582.382	2128.794	-38.351	251	NA
"46"	3442	344.1	2724.247	2547.906	-188.435	252	NA
"47"	3452	345.1	2710.185	2080.432	-44.478	253	NA
"48"	33324	3332.3	2712.054	2005.178	-47.083	254	NA
"49"	3519	351.8	2730.054	2530.523	-196.146	255	NA
"50"	3531	353	1740.495	2035.668	-16.492	257	NA
"51"	4749	474.8	-2528.535	1067.836	-10.743	258	NA
"52"	3591	359	2731.908	2562.344	-166.715	259	NA
"53"	3599	359.8	2663.258	1967.671	-38.766	260	NA
"54"	3803	380.2	2651.16	2059.273	-48.031	261	NA
"55"	3644	364.3	2751.696	2543.127	-228.365	262	NA
"56"	3940	393.9	2174.712	2002.341	-37.86	266	NA
"57"	3935	393.4	2470.416	2071.131	-9.523	271	NA
"58"	3868	386.7	2718.692	2531.464	-225.179	272	NA
"59"	8599	859.8	2522.745	2056.447	-51.961	273	NA
"60"	3923	392.2	2723.392	2534.954	-206.386	274	NA
"61"	12000	1199.9	2422.988	2058.399	-47.612	276	NA
"62"	4077	407.6	2148.737	2044.7	-28.437	277	NA
"63"	3951	395	2729.385	1964.745	-38.131	278	NA
"64"	8957	895.6	2147.724	770.957	12.103	279	NA
"65"	4100	409.9	2807.386	1938.414	-27.329	281	NA
"66"	6263	626.2	2317.723	2053.889	-52.079	283	NA
"67"	4124	412.3	2090.723	2048.029	-27.748	284	NA
"68"	4242	424.1	2667.34	1965.513	-34.914	286	NA
"69"	4234	423.3	1878.657	2014.664	-35.3	288	NA
"70"	4166	416.5	2683.49	2558.503	-160.792	289	NA
"71"	4227	422.6	2721.901	2562.698	-195.955	291	NA
"72"	4733	473.2	2348.415	2064.225	-51.995	292	NA
"73"	4388	438.7	1523.87	1992.931	-28.687	293	NA
"74"	4300	429.9	2593.741	1973.443	-44.242	295	NA
"75"	4502	450.1	2249.847	2048.112	-31.989	296	NA
"76"	4423	442.2	2417.455	1997.459	-44.723	298	NA
"77"	4344	434.3	2715.432	2553.82	-196.534	299	NA
"78"	12152	1215.1	2300.936	2061.651	-44.317	300	NA
"79"	5355	535.4	-585.515	2125.453	-41.404	301	NA
"80"	4428	442.7	2690.894	2544.993	-171.275	302	NA
"81"	5225	522.4	2230.96	2056.158	-43.622	303	NA
"82"	4463	446.2	2335.106	2041.61	-52.818	304	NA
"83"	4497	449.6	-2237.406	1556.247	-21.687	305	NA
"84"	5444	544.3	2321.32	2049.164	-45.906	306	NA
"85"	4488	448.7	2239.662	2124.724	43.063	307	NA
"86"	4772	477.1	2227.797	2059.313	-40.636	308	NA
"87"	4809	480.8	-2606.037	812.081	-7.615	309	NA
"88"	4537	453.6	2700.592	2543.48	-225.163	310	NA
"89"	12460	1245.9	2163.788	2051.474	-45.426	311	NA
"90"	4561	456	2147.996	2056.73	-45.219	312	NA
"91"	4569	456.8	2132.289	2054.982	-38.388	313	NA
"92"	33324	3332.3	900.565	2144.135	-42.252	314	NA
"93"	4807	480.6	-2602.298	849.567	6.267	316	NA
"94"	6788	678.7	2191.116	2055.205	-44.599	317	NA
"95"	5100	509.9	1169.231	2059.929	-32.818	318	NA
"96"	9516	951.5	2782.33	2113.973	-39.343	319	NA
"97"	4882	488.1	-2663.5	560.336	-1.716	320	NA
"98"	4866	486.5	-2655.163	636.137	-2.538	321	NA
"99"	6740	673.9	-936.629	-2023.616	59.583	322	NA
"100"	4957	495.6	-2685.345	315.061	4.223	323	NA
"101"	5009	500.8	-2685.301	136.291	6.83	324	NA
"102"	9563	956.2	2621.039	2065.433	-46.906	325	NA
"103"	5095	509.4	-2677.946	-166.621	22.663	326	NA
"104"	5112	511.1	1148.565	2064.865	-33.902	327	NA
"105"	8236	823.5	479.752	-1495.053	33.651	328	NA
"106"	5240	523.9	2222.458	2030.635	-36.526	329	NA
"107"	5311	531	2165.969	2054.385	-47.812	330	NA
"108"	5703	570.2	-1409.146	-1946.339	47.192	331	NA
"109"	5357	535.6	2078.164	2040.182	-33.37	332	NA
"110"	6363	636.2	465.064	2053.351	-39.013	333	NA
"111"	5374	537.3	-607.742	2130.599	-35.103	334	NA
"112"	5428	542.7	-726.339	2130.349	-35.046	335	NA
"113"	6388	638.7	2323.991	2049.213	-46.275	336	NA
"114"	5540	553.9	2649.868	2144.007	71.416	337	NA
"115"	5463	546.2	-804.555	2107.735	-35.634	338	NA
"116"	5587	558.6	-1088.087	2114.284	-38.088	339	NA
"117"	5621	562	-1165.198	2107.734	-30.436	341	NA
"118"	5688	568.7	2653.185	2152.066	78.978	343	NA
"119"	5725	572.4	-1371.372	2030.787	-35.092	344	NA
"120"	18064	1806.3	2523.383	2039.504	-42.703	345	NA
"121"	5827	582.6	-969.915	-2022.14	46.54	346	NA
"122"	6186	618.5	-2246.991	1509.195	-18.488	347	NA
"123"	9022	902.1	4523.399	3141.397	-63.003	349	NA
"124"	6223	622.2	-2310.197	1455.687	-21.393	350	NA
"125"	6297	629.6	-2399.425	1303.769	-15.548	351	NA
"126"	12783	1278.2	2330.162	2044.057	-45.14	352	NA
"127"	6355	635.4	-2459.911	1199.291	-16.604	353	NA
"128"	6405	640.4	2583.484	2072.458	-47.17	354	NA
"129"	6983	698.2	-588.222	2124.198	-42.078	355	NA
"130"	6391	639	-2491.591	1125.199	-18.171	356	NA
"131"	6540	653.9	-2611.618	784.405	-7.363	357	NA
"132"	6431	643	2323.413	2049.253	-45.868	358	NA
"133"	6456	645.5	2535.139	2062.018	-46.905	359	NA
"134"	33324	3332.3	2591.207	2039.66	-48.149	360	NA
"135"	6723	672.2	-2670.657	394.149	3.481	361	NA
"136"	13802	1380.1	2327.024	2049.174	-46.707	362	NA
"137"	6629	662.8	2226.639	2056.013	-45.557	363	NA
"138"	6701	670	2109.054	2024.691	-37.409	364	NA
"139"	19307	1930.6	1587.487	1977.048	-41.093	365	NA
"140"	6857	685.6	-2676.581	89.89	7.511	366	NA
"141"	6737	673.6	-951.848	-1978.944	-241.677	367	NA
"142"	7246	724.5	-657.725	-2052.546	49.745	368	NA
"143"	6820	681.9	2165.081	2054.427	-46.47	369	NA
"144"	7775	777.4	-1820.096	-1725.526	43.097	371	NA
"145"	6979	697.8	-1344.386	-1981.916	47.661	372	NA
"146"	7548	754.7	1860.511	2014.844	-50.42	373	NA
"147"	6952	695.1	-839.646	-1826.143	-227.574	374	NA
"148"	25949	2594.8	-1765.331	1883.57	-35.445	375	NA
"149"	7176	717.5	-855.568	-2040.947	52.257	376	NA
"150"	6994	699.3	2559.011	2038.28	-61.307	377	NA
"151"	7039	703.8	-688.308	2119.101	-32.61	378	NA
"152"	7086	708.5	-771.385	2119.153	-37.531	379	NA
"153"	7089	708.8	-240.293	-1594.382	-195.872	380	NA
"154"	7148	714.7	-876.304	2104.344	-32.577	381	NA
"155"	7164	716.3	-903.981	2102.287	-26.788	382	NA
"156"	7278	727.7	-1096.519	2112.941	-33.217	383	NA
"157"	7197	719.6	-945.561	-1989.569	-245.495	384	NA
"158"	7238	723.7	-699.747	-2034.08	52.198	385	NA
"159"	7254	725.3	-660.273	-2051.257	22.737	386	NA
"160"	7265	726.4	-604.708	-2051.367	51.329	387	NA
"161"	7272	727.1	-600.537	-2024.125	50.917	388	NA
"162"	7286	728.5	-544.636	-2054.571	46.84	389	NA
"163"	7399	739.8	-1303.787	2054.661	-29.23	390	NA
"164"	7286	728.5	-567.099	-2017.074	49.801	391	NA
"165"	7293	729.2	-537.427	-1996.634	76.324	392	NA
"166"	7603	760.2	-160.054	-1906.21	42.671	393	NA
"167"	7308	730.7	-647.203	-2261.999	-289.362	394	NA
"168"	7343	734.2	-409.639	-1992.102	52.154	395	NA
"169"	7380	737.9	-327.865	-1983.88	43.391	396	NA
"170"	8180	817.9	1870.972	2004.297	-42.224	397	NA
"171"	7604	760.3	173.249	-1762.751	41.992	398	NA
"172"	7414	741.3	-841.048	-1829.418	-228.988	399	NA
"173"	7486	748.5	-1446.623	2016.403	-36.063	400	NA
"174"	7492	749.1	-1458.158	2008.61	-27.539	401	NA
"175"	7608	760.7	-1632.489	1922.528	-29.461	402	NA
"176"	7558	755.7	-870.313	-1874.627	-236.16	403	NA
"177"	7584	758.3	-278.48	-1642.592	-187.895	404	NA
"178"	8205	820.4	996.109	-762.015	21.257	405	NA
"179"	8628	862.7	308.836	-1643.521	44.746	406	NA
"180"	7626	762.5	-1663.43	1908.42	-30.174	407	NA
"181"	7639	763.8	-1684.564	1898.763	-27.72	408	NA
"182"	7645	764.4	-1692.853	1895.79	-24.391	409	NA
"183"	7662	766.1	-865.552	-1867.163	-235.176	410	NA
"184"	7708	770.7	-1800.363	1855.151	-26.096	411	NA
"185"	7792	779.1	-1926.779	1776.082	-28.34	412	NA
"186"	7771	777	-231.423	-1581.42	-195.536	413	NA
"187"	7783	778.2	-1808.038	-1733.441	42.957	414	NA
"188"	7866	786.5	-1620.299	-1813.478	32.439	415	NA
"189"	7799	779.8	-1938.503	1768.134	-20.304	416	NA
"190"	7951	795	-2141.144	1617.131	-20.745	418	NA
"191"	7830	782.9	-233.042	-1583.618	-195.657	419	NA
"192"	7904	790.3	-1541.325	-1855.686	44.202	420	NA
"193"	7921	792	-850.878	-1843.878	-230.84	422	NA
"194"	7943	794.2	-1449.742	-1890.003	42.382	423	NA
"195"	7954	795.3	-1426.951	-1897.918	43.108	424	NA
"196"	7975	797.4	-2169.676	1590.248	-18.475	425	NA
"197"	8002	800.1	-1318.08	-1932.92	44.523	426	NA
"198"	7979	797.8	1866.33	2007.205	-43.082	427	NA
"199"	8072	807.1	-2262.826	1535.835	-20.893	428	NA
"200"	8001	800	1865.787	2007.617	-44.345	429	NA
"201"	8110	810.9	1870.645	2006.966	-48.523	430	NA
"202"	8024	802.3	-1265.637	-1943.975	44.356	431	NA
"203"	8051	805	-1209.816	-1970.567	46.928	432	NA
"204"	8074	807.3	-241.294	-1597.291	-197.577	433	NA
"205"	8063	806.2	-1184.964	-1972.188	42.164	434	NA
"206"	8073	807.2	-1167.995	-1977.139	44.891	435	NA
"207"	8090	808.9	-1132.81	-1995.575	46.961	436	NA
"208"	8123	812.2	-1051.434	-2002.304	55.719	437	NA
"209"	8127	812.6	1866.181	2010.111	-44.259	438	NA
"210"	8138	813.7	-1024.445	-2017.748	48.269	439	NA
"211"	8134	813.3	-2217.024	1533.041	-18.56	440	NA
"212"	8146	814.5	-2210.446	1534.371	-18.635	441	NA
"213"	8153	815.2	-989.654	-2028.329	45.065	442	NA
"214"	8408	840.7	1862.672	2006.171	-43.802	443	NA
"215"	8343	834.2	-2428.395	1324.034	-12.738	444	NA
"216"	8186	818.5	-913.734	-2030.217	57.27	445	NA
"217"	8303	830.2	-659.574	-2016.625	57.176	446	NA
"218"	8339	833.8	1863.4	2006.405	-44.987	447	NA
"219"	8238	823.7	1024.691	-682.697	31.488	448	NA
"220"	8236	823.5	-941.777	-1980.003	-243.417	449	NA
"221"	9428	942.7	1347.297	-120.767	7.69	450	NA
"222"	8261	826	1077.209	-622.544	13.418	451	NA
"223"	8314	831.3	1127.248	-509.007	11.277	452	NA
"224"	12054	1205.3	2553.656	2037.898	-45.5	453	NA
"225"	8326	832.5	-933.95	-1967.605	-242.934	454	NA
"226"	8319	831.8	1133.012	-482.304	17.18	455	NA
"227"	8517	851.6	1379.376	-21.03	9.524	456	NA
"228"	8427	842.6	-376.673	-1972.079	50.156	457	NA
"229"	8390	838.9	-2442.339	1267.302	-17.612	458	NA
"230"	8391	839	1870.228	2007.901	-43.685	459	NA
"231"	8454	845.3	-2493.988	1166.743	-16.44	460	NA
"232"	8561	856	1862.581	2008.26	-44.367	461	NA
"233"	8442	844.1	-345.249	-1983.981	58.605	462	NA
"234"	8451	845	-439.82	-1929.023	-240.442	463	NA
"235"	9162	916.1	838.903	-977.283	24.829	464	NA
"236"	8538	853.7	-2550.905	1037.642	-12.827	465	NA
"237"	8494	849.3	-833.14	-1814.856	-223.586	466	NA
"238"	8533	853.2	1870.168	2006.705	-43.666	467	NA
"239"	8531	853	1393.534	6.112	7.608	468	NA
"240"	8564	856.3	1429.292	54.169	10.34	469	NA
"241"	8547	854.6	1867.603	2005.812	-49.132	470	NA
"242"	8604	860.3	1862.554	2008.265	-44.319	471	NA
"243"	8688	868.7	-2627.071	801.958	-7.645	472	NA
"244"	8593	859.2	1870.699	2007.514	-44.304	473	NA
"245"	8606	860.5	1491.654	138.58	5.54	474	NA
"246"	8633	863.2	1863.864	2006.877	-44.019	475	NA
"247"	8766	876.5	2551.42	2036.47	-49.27	476	NA
"248"	8633	863.2	1534.119	183.317	4.895	477	NA
"249"	8913	891.2	1864.735	2007.639	-44.803	478	NA
"250"	8654	865.3	349.126	-1608.969	38.375	479	NA
"251"	8702	870.1	1862.594	2008.289	-44.368	480	NA
"252"	8718	871.7	466.307	-1520.089	35.984	481	NA
"253"	8691	869	1614.081	296.117	-6.419	482	NA
"254"	8728	872.7	-213.88	-1548.826	-187.603	483	NA
"255"	8724	872.3	-2628.098	748.335	-11.444	484	NA
"256"	8837	883.6	1864.046	2007.201	-44.875	485	NA
"257"	8738	873.7	1688.153	398.017	2.733	486	NA
"258"	8822	882.1	608.42	-1348.41	32.907	487	NA
"259"	8758	875.7	-2649.813	696.938	-8.43	488	NA
"260"	8771	877	1764.617	467.889	3.354	489	NA
"261"	8773	877.2	-2651.144	668.198	-7.112	490	NA
"262"	8809	880.8	1848.801	546.489	1.284	491	NA
"263"	8823	882.2	-2662.169	580.714	-2.611	492	NA
"264"	8945	894.4	2103.883	737.188	-5.407	493	NA
"265"	8832	883.1	-2665.085	567.167	-9.012	494	NA
"266"	9041	904	871.325	-944.546	19.463	495	NA
"267"	8849	884.8	-2663.57	534.134	-0.986	496	NA
"268"	8850	884.9	1867.723	2008.619	-48.483	497	NA
"269"	8855	885.4	1862.611	2008.299	-44.337	498	NA
"270"	8880	887.9	-2668.38	478.31	-0.961	499	NA
"271"	9174	917.3	1859.618	2012.756	-41.245	500	NA
"272"	8954	895.3	1865.055	2006.611	-45.768	501	NA
"273"	9037	903.6	2351.83	904.244	3.8	502	NA
"274"	8963	896.2	-2679.122	331.301	-0.341	503	NA
"275"	8981	898	4517.492	3012.636	-65.602	504	NA
"276"	9172	917.1	2637.669	1052.695	-24.682	505	NA
"277"	9008	900.7	1870.651	2007.695	-44.394	506	NA
"278"	9027	902.6	1870.453	2007.891	-44.233	507	NA
"279"	9052	905.1	4515.745	3266.08	-71.908	508	NA
"280"	9144	914.3	2573.614	1024.854	12.324	509	NA
"281"	9056	905.5	893.085	-917.569	23.943	510	NA
"282"	9115	911.4	4488.325	3398.067	-78.528	511	NA
"283"	9065	906.4	-2681.641	147.84	1.326	512	NA
"284"	9066	906.5	892.234	-887.209	17.983	513	NA
"285"	9082	908.1	915.855	-862.932	21.94	515	NA
"286"	9087	908.6	-2681.884	112.773	5.824	516	NA
"287"	9396	939.5	1259.023	-246.078	14.376	517	NA
"288"	9223	922.2	1859.622	2012.757	-41.266	518	NA
"289"	9120	911.9	-2682.856	47.436	5.025	519	NA
"290"	9131	913	1864.973	2006.628	-45.749	520	NA
"291"	9132	913.1	4482.753	3466.584	-73.943	521	NA
"292"	9129	912.8	-2688.317	31.148	8.621	522	NA
"293"	9142	914.1	4479.805	3506.812	-74.933	523	NA
"294"	9138	913.7	-2690.869	13.095	8.185	524	NA
"295"	9152	915.1	4474.725	3552.38	-78.047	525	NA
"296"	9149	914.8	1870.53	2007.81	-44.429	526	NA
"297"	9155	915.4	-2688.175	-12.866	5.175	527	NA
"298"	9157	915.6	4472.85	3573.389	-77.668	528	NA
"299"	9164	916.3	4463.833	3598.474	-79.578	529	NA
"300"	22676	2267.5	-407.796	8205.413	-178.95	530	NA
"301"	9169	916.8	4458.509	3617.069	-76.522	531	NA
"302"	9200	919.9	4413.562	3736.681	-83.536	532	NA
"303"	9583	958.2	1293.557	-138.283	6.859	533	NA
"304"	9299	929.8	1861.947	2009.715	-43.637	534	NA
"305"	9185	918.4	-367.641	-1797.762	-217.612	535	NA
"306"	9187	918.6	-2682.807	-70.902	10.723	536	NA
"307"	9204	920.3	-2680.614	-92.924	6.196	537	NA
"308"	10217	1021.6	4457.909	2702.712	-53.391	538	NA
"309"	9205	920.4	4419.043	3748.491	-81.791	539	NA
"310"	9265	926.4	4319.376	3967.259	-88.604	540	NA
"311"	9275	927.4	2258.936	1998.607	-44.863	541	NA
"312"	9246	924.5	1867.077	2006.617	-41.561	542	NA
"313"	9234	923.3	-2673.979	-144.387	7.951	543	NA
"314"	9281	928	-2668.891	-226.567	9.784	545	NA
"315"	9270	926.9	4320.161	3980.322	-92.043	546	NA
"316"	9398	939.7	4116.663	4354.136	-94.33	547	NA
"317"	9281	928	2258.83	1998.96	-45.252	548	NA
"318"	33324	3332.3	2241.498	1986.067	-43.602	549	NA
"319"	9597	959.6	1864.431	2008.027	-44.811	550	NA
"320"	9312	931.1	-2658.028	-278.465	9.851	551	NA
"321"	9362	936.1	-2653.393	-372.415	10.312	552	NA
"322"	9562	956.1	1860.398	2013.173	-41.069	553	NA
"323"	9411	941	1273.042	-213.836	9.332	554	NA
"324"	9518	951.7	3893.46	4719.082	-97.402	555	NA
"325"	9431	943	1294.121	-171.901	10.292	556	NA
"326"	9434	943.3	-2626.427	-494.017	14.393	557	NA
"327"	9436	943.5	1343.57	-117.584	6.787	558	NA
"328"	9441	944	1306.987	-149.493	6.205	559	NA
"329"	9441	944	1338.132	-115.557	9.083	560	NA
"330"	9446	944.5	1336.893	-113.919	8.2	561	NA
"331"	9460	945.9	-2619.435	-539.246	16.412	562	NA
"332"	22803	2280.2	1315.357	-126.508	7.721	563	NA
"333"	9499	949.8	1351.737	-61.095	7.39	564	NA
"334"	9524	952.3	-2591.384	-632.45	18.609	565	NA
"335"	9658	965.7	1567.208	231.17	3.532	566	NA
"336"	9517	951.6	-2597.089	-621.516	17.217	567	NA
"337"	12610	1260.9	-3512.072	6990.751	-149.003	568	NA
"338"	9971	997	3130.899	1957.291	-35.372	569	NA
"339"	9600	959.9	-2553.894	-774.796	20.942	570	NA
"340"	9625	962.4	1862.962	2009.415	-44.359	571	NA
"341"	15230	1522.9	1314.803	-129.262	2.538	572	NA
"342"	9799	979.8	1864.173	2007.107	-44.748	573	NA
"343"	9629	962.8	-2538.353	-823.997	23.116	574	NA
"344"	9657	965.6	-2523.687	-873.376	21.947	575	NA
"345"	10804	1080.3	3670.971	1643.245	-24.281	576	NA
"346"	9688	968.7	-2500.494	-927.333	24.666	577	NA
"347"	9715	971.4	-2489.985	-970.55	24.277	578	NA
"348"	9720	971.9	2610.203	2045.791	-91.602	579	NA
"349"	33033	3303.2	2544.535	1964.751	-49.718	580	NA
"350"	10549	1054.8	-1493.445	-1943.812	44.417	581	NA
"351"	9853	985.2	1868.243	2006.675	-49.465	582	NA
"352"	9836	983.5	1869.294	2005.406	-42.37	583	NA
"353"	10002	1000.1	1862.769	2007.354	-45.986	584	NA
"354"	9864	986.3	1869.813	2008.446	-44.101	585	NA
"355"	9908	990.7	1867.314	2005.796	-41.284	586	NA
"356"	11146	1114.5	1856.75	2004.987	-42.369	587	NA
"357"	9921	992	1869.145	2006.722	-41.344	588	NA
"358"	9935	993.4	3164.565	1975.382	-44.314	589	NA
"359"	9966	996.5	3128.191	1957.769	-37.514	590	NA
"360"	9980	997.9	3136.806	1961.031	-34.457	591	NA
"361"	10036	1003.5	3132.846	1948.644	-31.561	592	NA
"362"	10006	1000.5	3137.645	1950.401	-29.672	593	NA
"363"	10011	1001	3127.443	1942.088	-55.686	594	NA
"364"	10068	1006.7	3113.707	1920.782	-30.166	595	NA
"365"	10081	1008	3118.399	1918.443	-34.917	596	NA
"366"	10092	1009.1	3111.412	1909.917	-31.366	597	NA
"367"	10132	1013.1	3120.237	1898.226	-41.721	598	NA
"368"	12249	1224.8	2548.408	2041.085	-42.152	600	NA
"369"	10219	1021.8	1866.674	2005.837	-41.995	601	NA
"370"	11176	1117.5	1861.691	2004.495	-44.47	602	NA
"371"	10241	1024	4466.033	2747.862	-58.864	603	NA
"372"	10377	1037.6	4531.77	3053.729	-67.382	604	NA
"373"	10298	1029.7	4518.526	2876.543	-63.857	605	NA
"374"	10397	1039.6	4526.269	3100.4	-76.698	606	NA
"375"	10517	1051.6	4506.052	3378.56	-73.531	607	NA
"376"	10522	1052.1	4512.479	3390.59	-73.286	608	NA
"377"	10537	1053.6	4517.957	3425.51	-69.939	609	NA
"378"	10960	1095.9	4114.1	4361.513	-94.217	610	NA
"379"	10621	1062	-1374.516	-1979.569	47.007	611	NA
"380"	10562	1056.1	4534.669	3451.978	-80.574	612	NA
"381"	10635	1063.4	-958.888	-2008.374	-242.612	613	NA
"382"	10655	1065.4	-1316.075	-1994.2	39.795	614	NA
"383"	10708	1070.7	-1224.706	-2019.739	40.242	615	NA
"384"	10803	1080.2	-1065.236	-2046.935	47.132	616	NA
"385"	11290	1128.9	4355.458	2446.654	-47.217	617	NA
"386"	10815	1081.4	-1046.771	-2046.596	43.162	618	NA
"387"	10823	1082.2	-537.422	-2088.072	-259.019	619	NA
"388"	10832	1083.1	-1012.777	-2043.152	48.054	620	NA
"389"	10870	1086.9	-942.507	-2051.308	42.486	621	NA
"390"	10975	1097.4	-766.135	-2040.83	47.298	622	NA
"391"	11303	1130.2	3705.467	5095.61	-102.666	623	NA
"392"	11009	1100.8	-709.017	-2048.864	43.321	624	NA
"393"	11019	1101.8	-691.378	-2046.926	42.706	625	NA
"394"	11070	1106.9	-610.959	-2055.762	48.059	626	NA
"395"	11086	1108.5	-588.753	-2061.23	43.556	627	NA
"396"	11098	1109.7	-568.55	-2063.621	41.673	628	NA
"397"	11155	1115.4	-469.067	-2051.638	49.114	629	NA
"398"	12516	1251.5	1862.238	2016.421	-44.885	630	NA
"399"	11172	1117.1	-444.01	-2039.069	49.522	631	NA
"400"	11237	1123.6	1699.471	2003.273	-28.551	632	NA
"401"	11261	1126	-292.313	-1999.836	48.162	633	NA
"402"	11385	1138.4	1589.664	1979.808	-33.703	634	NA
"403"	11289	1128.8	-874.535	-1877.426	-232.417	635	NA
"404"	11377	1137.6	-106.574	-1933.55	41.459	636	NA
"405"	11335	1133.4	4404.441	2517.082	-49.502	637	NA
"406"	11339	1133.8	3660.797	5179.826	-105.846	638	NA
"407"	11343	1134.2	4401.491	2530.225	-53.863	639	NA
"408"	11372	1137.1	3635.395	5252.694	-116.421	640	NA
"409"	11378	1137.7	4425.524	2607.818	-52.155	641	NA
"410"	11503	1150.2	3513.261	5498.646	-112.77	642	NA
"411"	11391	1139	4441.306	2639.725	-52.145	643	NA
"412"	11404	1140.3	-64.243	-1902.914	46.044	644	NA
"413"	12207	1220.6	-611.014	2105.886	-34.776	645	NA
"414"	11423	1142.2	4450.023	2720.362	-51.6	646	NA
"415"	11429	1142.8	-27.478	-1875.294	46.678	647	NA
"416"	11432	1143.1	4463.19	2741.015	-52.547	648	NA
"417"	11449	1144.8	4484.137	2774.429	-54.619	649	NA
"418"	11474	1147.3	4504.106	2829.128	-57.579	650	NA
"419"	11498	1149.7	4504.605	2888.103	-57.287	651	NA
"420"	11505	1150.4	4506.8	2898.118	-72.142	652	NA
"421"	11528	1152.7	3497.277	5535.378	-115.405	653	NA
"422"	11530	1152.9	128.884	-1800.572	44.594	654	NA
"423"	11526	1152.5	4503.543	2950.088	-58.704	655	NA
"424"	11730	1172.9	3360.742	5994.776	-133.877	656	NA
"425"	11548	1154.7	4514.695	3003.078	-55.767	657	NA
"426"	11561	1156	4529.202	3028.915	-59.25	658	NA
"427"	11571	1157	4532.654	3050.954	-72.421	659	NA
"428"	11579	1157.8	197.867	-1743.853	43.996	660	NA
"429"	11587	1158.6	4524.11	3088.473	-59.831	661	NA
"430"	11598	1159.7	4527.38	3121.381	-62.439	662	NA
"431"	11607	1160.6	4527.722	3143.893	-61.693	663	NA
"432"	11624	1162.3	4523.897	3185.584	-63.843	664	NA
"433"	11630	1162.9	4526.509	3195.973	-74.282	665	NA
"434"	11643	1164.2	4527.05	3230.264	-64.266	666	NA
"435"	11660	1165.9	315.541	-1651.683	42.092	667	NA
"436"	11656	1165.5	4523.826	3259.767	-64.956	668	NA
"437"	11662	1166.1	4522.87	3274.256	-65.428	670	NA
"438"	11667	1166.6	4523.362	3286.526	-65.543	671	NA
"439"	11681	1168	4524.008	3309.096	-70.56	672	NA
"440"	11695	1169.4	362.181	-1609.175	42.092	673	NA
"441"	11727	1172.6	4514.912	3416.996	-66.421	674	NA
"442"	11738	1173.7	4522.895	3441.462	-78.433	675	NA
"443"	11791	1179	3317.801	6137.663	-125.774	676	NA
"444"	11743	1174.2	4517.351	3453.615	-79.223	677	NA
"445"	11760	1175.9	448.637	-1525.741	34.947	678	NA
"446"	11755	1175.4	4501.776	3470.589	-71.798	679	NA
"447"	11763	1176.2	4502.61	3488.723	-80.444	680	NA
"448"	11772	1177.1	4486.905	3504.421	-76.824	681	NA
"449"	11788	1178.7	475.403	-1494.164	39.679	682	NA
"450"	11789	1178.8	4475.288	3534.944	-68.953	683	NA
"451"	11865	1186.4	3301.078	6257.761	-138.459	684	NA
"452"	11813	1181.2	4476.584	3592.807	-80.958	685	NA
"453"	11820	1181.9	514.703	-1458.267	33.871	686	NA
"454"	11828	1182.7	4463.563	3630.29	-80.395	687	NA
"455"	11836	1183.5	4455.757	3651.541	-73.91	688	NA
"456"	11844	1184.3	4462.007	3657.533	-71.479	689	NA
"457"	11852	1185.1	4454.088	3664.625	-81.793	690	NA
"458"	11856	1185.5	554.497	-1415.328	39.41	691	NA
"459"	11891	1189	4421.606	3730.303	-83.943	692	NA
"460"	11882	1188.1	583.264	-1375.953	30.524	693	NA
"461"	11926	1192.5	3238.607	6405.411	-132.883	694	NA
"462"	11889	1188.8	590.472	-1364.1	35.236	695	NA
"463"	11964	1196.3	660.558	-1258.317	33.992	696	NA
"464"	11912	1191.1	4403.45	3776.687	-84.533	697	NA
"465"	11942	1194.1	4385.061	3835.403	-86.72	698	NA
"466"	11943	1194.2	3225.439	6425.342	-138.176	699	NA
"467"	12027	1202.6	3166.879	6625.971	-147.04	700	NA
"468"	11977	1197.6	4351.686	3916.587	-85.72	701	NA
"469"	11983	1198.2	4344.009	3932.71	-88.049	702	NA
"470"	11994	1199.3	4331.211	3955.255	-86.674	703	NA
"471"	12007	1200.6	712.505	-1195.618	33.792	704	NA
"472"	14791	1479	2423.566	2053.76	-48.49	705	NA
"473"	12007	1200.6	4324.9	3984.243	-87.894	706	NA
"474"	12015	1201.4	4320.217	3993.572	-87.537	707	NA
"475"	12030	1202.9	738.958	-1164.226	33.178	708	NA
"476"	12138	1213.7	2327.854	2046.336	-46.557	709	NA
"477"	12040	1203.9	4288.94	4045.569	-81.76	710	NA
"478"	12219	1221.8	3030.296	7027.763	-155.523	711	NA
"479"	12054	1205.3	762.276	-1139.995	23.647	712	NA
"480"	20850	2084.9	2530.071	2028.01	-44.595	713	NA
"481"	12053	1205.2	4275.202	4075.252	-84.035	714	NA
"482"	12084	1208.3	787.459	-1095.709	31.727	715	NA
"483"	12073	1207.2	4256.243	4116.296	-84.579	716	NA
"484"	12098	1209.7	4232.389	4164.119	-86.351	717	NA
"485"	12101	1210	803.632	-1066.371	28.519	718	NA
"486"	12108	1210.7	4220.848	4183.126	-85.631	719	NA
"487"	12114	1211.3	814.474	-1048.741	29.844	720	NA
"488"	12116	1211.5	4214.309	4197.064	-92.417	721	NA
"489"	12134	1213.3	834.276	-1022.166	28.105	722	NA
"490"	12132	1213.1	4193.19	4230.854	-85.784	723	NA
"491"	29633	2963.2	2301.41	2058.007	-51.23	724	NA
"492"	12252	1225.1	939.482	-854.407	17.216	725	NA
"493"	12151	1215	4171.914	4267.633	-86.535	726	NA
"494"	12159	1215.8	4162.621	4282.106	-89.137	727	NA
"495"	12606	1260.5	1860.005	2014.458	-37.544	728	NA
"496"	12192	1219.1	4116.617	4341.824	-89.186	729	NA
"497"	12204	1220.3	4098.771	4369.043	-85.484	730	NA
"498"	12224	1222.3	-654.955	2114.228	-32.338	732	NA
"499"	12286	1228.5	2958.919	7120.689	-157.753	733	NA
"500"	12242	1224.1	4058.4	4435.896	-85.812	734	NA
"501"	16361	1636	1337.49	-78.18	10.54	735	NA
"502"	12253	1225.2	4048.133	4454.634	-86.014	736	NA
"503"	12260	1225.9	2510.084	2047.321	-57.778	737	NA
"504"	12269	1226.8	4035.527	4489.015	-88.321	738	NA
"505"	12302	1230.1	956.411	-782.71	15.594	739	NA
"506"	12336	1233.5	2394.794	1975.815	-44.326	741	NA
"507"	12274	1227.3	4032.303	4504.962	-88.154	742	NA
"508"	12289	1228.8	4020.586	4534.802	-92.722	743	NA
"509"	12341	1234	2900.886	7222.429	-149.604	744	NA
"510"	12324	1232.3	981.118	-748.678	23.313	745	NA
"511"	12328	1232.7	3964.852	4603.038	-90.155	746	NA
"512"	12348	1234.7	995.444	-709.135	13.689	747	NA
"513"	12366	1236.5	2392.667	1975.169	-44.746	748	NA
"514"	12428	1242.7	2771.233	7384.268	-162.68	749	NA
"515"	12358	1235.7	1010.134	-692.789	21.876	751	NA
"516"	33324	3332.3	2429.709	1969.453	-45.196	753	NA
"517"	12395	1239.4	1042.832	-639.211	18.352	754	NA
"518"	12388	1238.7	2326.774	1997.346	-44.79	755	NA
"519"	14972	1497.1	2159.759	2047.917	-45.597	756	NA
"520"	12454	1245.3	1103.194	-570.481	21.942	757	NA
"521"	12453	1245.2	2726.264	7440.933	-156.969	758	NA
"522"	12440	1243.9	3853.215	4823.759	-95.095	759	NA
"523"	12451	1245	3838.629	4841.368	-95.702	760	NA
"524"	12457	1245.6	3832.297	4852.83	-96.081	761	NA
"525"	12660	1265.9	1246.291	-242.921	8.333	762	NA
"526"	12479	1247.8	2674.601	7491.219	-156.85	763	NA
"527"	12545	1254.4	1922.79	2024.008	-36.207	764	NA
"528"	12500	1249.9	2655.155	7539.083	-167.553	765	NA
"529"	12535	1253.4	2629.048	7587.633	-166.963	766	NA
"530"	12507	1250.6	3768.322	4959.257	-104.756	767	NA
"531"	12517	1251.6	3760.486	4966.944	-110.165	768	NA
"532"	12532	1253.1	1900.969	2019.696	-34.835	769	NA
"533"	12537	1253.6	3746.889	4994.972	-110.432	770	NA
"534"	12777	1277.6	1864.185	2015.003	-43.097	771	NA
"535"	12664	1266.3	2404.385	7801.575	-167.257	772	NA
"536"	12570	1256.9	3725.701	5061.119	-110.654	773	NA
"537"	12589	1258.8	3702.287	5101.827	-112.231	774	NA
"538"	12594	1259.3	3699.54	5113.137	-111.679	775	NA
"539"	12604	1260.3	3682.889	5141.029	-101.682	776	NA
"540"	27920	2791.9	3228.473	1422.847	-32.784	777	NA
"541"	12660	1265.9	3639.734	5220.477	-114.851	778	NA
"542"	12619	1261.8	1226.376	-307.159	11.881	779	NA
"543"	33324	3332.3	-573.342	2163.953	-41.934	781	NA
"544"	12694	1269.3	2342.529	7841.47	-164.433	782	NA
"545"	12710	1270.9	3588.681	5325.536	-115.386	783	NA
"546"	13459	1345.8	2328.011	2049.458	-44.874	784	NA
"547"	12705	1270.4	1290.329	-175.03	9.519	785	NA
"548"	12821	1282	3491.314	5540.692	-116.839	786	NA
"549"	12740	1273.9	2280.677	7911.913	-173.328	787	NA
"550"	12747	1274.6	2264.993	7927.687	-170.14	788	NA
"551"	12835	1283.4	2099.841	8063.457	-176.356	789	NA
"552"	12780	1277.9	-3480.466	6989.453	-150.516	790	NA
"553"	30195	3019.4	1700.171	2031.907	-40.125	791	NA
"554"	12825	1282.4	-3471.418	7019.354	-149.395	792	NA
"555"	12800	1279.9	1368.354	-45.994	6.969	793	NA
"556"	12842	1284.1	2329.675	2045.843	-45.49	794	NA
"557"	12842	1284.1	2090.218	8076.966	-175.95	795	NA
"558"	13396	1339.5	3116.571	6772.999	-143.626	796	NA
"559"	12882	1288.1	1992.45	8125.89	-171.164	797	NA
"560"	12864	1286.3	2319.716	2015.268	-91.983	798	NA
"561"	12909	1290.8	1926.765	8156.686	-173.09	799	NA
"562"	12900	1289.9	-3439.962	7084.069	-153.666	800	NA
"563"	13038	1303.7	1653.892	8264.87	-176.105	801	NA
"564"	12977	1297.6	2326.101	2048.246	-47.28	802	NA
"565"	13615	1361.4	2325.619	2047.888	-47.534	803	NA
"566"	13028	1302.7	1594.332	276.58	3.538	804	NA
"567"	13071	1307	1554.297	8269.62	-181.277	806	NA
"568"	13196	1319.5	1238.395	8265.244	-180.187	807	NA
"569"	13173	1317.2	-3430.092	7094.487	-155.136	808	NA
"570"	13200	1319.9	1789.966	497.032	0.303	809	NA
"571"	13210	1320.9	1210.776	8259.816	-179.786	810	NA
"572"	13237	1323.6	1838.839	545.211	-1.391	811	NA
"573"	13249	1324.8	1113.849	8261.813	-180.217	812	NA
"574"	13366	1336.5	859.1	8251.95	-178.386	813	NA
"575"	13307	1330.6	1939.434	633.128	-4.31	814	NA
"576"	13427	1342.6	-3449.315	7103.2	-154.895	815	NA
"577"	13358	1335.7	2014.346	682.793	-6.031	816	NA
"578"	13388	1338.7	817.255	8241.508	-179.095	817	NA
"579"	13398	1339.7	2066.914	721.768	-7.608	818	NA
"580"	13395	1339.4	802.645	8234.734	-179.399	819	NA
"581"	13487	1348.6	3065.99	6942.603	-152.176	820	NA
"582"	13922	1392.1	-335.654	8220.062	-178.111	821	NA
"583"	13410	1340.9	2087.059	736.273	-7.597	822	NA
"584"	13433	1343.2	2118.231	749.45	-9.411	823	NA
"585"	13448	1344.7	-3450.579	7102.452	-154.742	824	NA
"586"	13466	1346.5	2170.353	782.221	-8.197	825	NA
"587"	13481	1348	-3433.856	7123.986	-155.687	826	NA
"588"	13489	1348.8	2208.99	807.989	-5.406	827	NA
"589"	13534	1353.3	3006.717	7035.157	-143.436	828	NA
"590"	13529	1352.8	2260.868	845.709	-7.34	829	NA
"591"	13529	1352.8	-3435.799	7148.753	-155.096	830	NA
"592"	13757	1375.6	2740.722	7438.455	-157.497	831	NA
"593"	13592	1359.1	2360.358	905.213	-9.562	832	NA
"594"	13550	1354.9	-3415.31	7162.582	-154.74	833	NA
"595"	18164	1816.3	2299.455	2063.666	-45.56	834	NA
"596"	13618	1361.7	-3412.738	7135.655	-152.632	835	NA
"597"	13617	1361.6	2335.607	2046.658	-47.246	836	NA
"598"	13638	1363.7	2438.573	948.528	-11.722	837	NA
"599"	14828	1482.7	2324.408	2048.782	-45.697	838	NA
"600"	13652	1365.1	-3445.585	7084.073	-151.433	839	NA
"601"	13673	1367.2	2499.455	985.803	-10.969	840	NA
"602"	13684	1368.3	2514.09	982.743	-20.766	841	NA
"603"	13717	1371.6	2568.462	1025.142	-7.157	842	NA
"604"	13704	1370.3	-3480.413	7017.98	-149.171	843	NA
"605"	13803	1380.2	2702.327	1087.857	-13.113	845	NA
"606"	13813	1381.2	2662.989	7532.671	-160.976	846	NA
"607"	13803	1380.2	2319.34	2003.45	-121.103	847	NA
"608"	33324	3332.3	2189.504	2048.636	-45.146	849	NA
"609"	14182	1418.1	2116.84	8044.462	-171.355	850	NA
"610"	13858	1385.7	2792.599	1135.85	-16.974	851	NA
"611"	13931	1393	2905.386	1217.862	-24.509	852	NA
"612"	13957	1395.6	-3564.302	6851.024	-144.321	853	NA
"613"	13969	1396.8	2957.62	1224.536	-14.306	854	NA
"614"	13945	1394.4	-346.081	8217.053	-181.464	855	NA
"615"	13996	1399.5	2991.167	1250.7	-27.281	856	NA
"616"	14153	1415.2	-740.306	8232.841	-174.448	857	NA
"617"	14005	1400.4	3007.321	1251.037	-21.385	858	NA
"618"	14137	1413.6	3221.552	1351.869	-24.231	859	NA
"619"	14094	1409.3	-3598.759	6802.266	-135.903	860	NA
"620"	14168	1416.7	3268.752	1381.227	-22.164	861	NA
"621"	14155	1415.4	-3604.21	6793.455	-130.764	862	NA
"622"	15400	1539.9	-3343.244	7292.043	-157.693	863	NA
"623"	14195	1419.4	3307.961	1404.012	-20.913	864	NA
"624"	14304	1430.3	1867.451	8204.509	-172.389	865	NA
"625"	14287	1428.6	3431.324	1479.551	-27.044	866	NA
"626"	14314	1431.3	3472.485	1500.555	-27.432	867	NA
"627"	14472	1447.1	1533.488	8272.888	-176.941	868	NA
"628"	14349	1434.8	3505.818	1528.138	-34.608	869	NA
"629"	14476	1447.5	3692.578	1642.389	-29.785	870	NA
"630"	14493	1449.2	2750.756	1986.21	-43.284	871	NA
"631"	33324	3332.3	2746.001	1986.131	-44.776	872	NA
"632"	14702	1470.1	3989.682	1911.599	-40.857	873	NA
"633"	14497	1449.6	2752.803	1989.476	-35.052	874	NA
"634"	14532	1453.1	1399.044	8278.888	-178.059	875	NA
"635"	14562	1456.1	2706.741	2029.924	-44.787	876	NA
"636"	14581	1458	1291.35	8276.99	-177.489	877	NA
"637"	14564	1456.3	-838.44	-1821.901	-223.717	878	NA
"638"	14589	1458.8	2701.676	2035.841	-49.533	879	NA
"639"	14599	1459.8	1254.602	8279.174	-178.114	880	NA
"640"	14747	1474.6	2518.581	2050.464	-46.798	881	NA
"641"	14624	1462.3	1192.002	8273.219	-175.105	882	NA
"642"	14643	1464.2	1148.924	8260.025	-178.582	883	NA
"643"	14935	1493.4	516.329	8228.13	-177.107	884	NA
"644"	14701	1470	-219.29	-1557.821	-188.819	885	NA
"645"	14743	1474.2	4029.807	1966.345	-41.329	886	NA
"646"	14802	1480.1	4101.486	2042.097	-45.635	887	NA
"647"	20078	2007.7	2462.774	2070.002	-45.501	888	NA
"648"	14805	1480.4	2422.892	2054.657	-48.652	889	NA
"649"	14843	1484.2	2326.236	2051.1	-50.65	890	NA
"650"	14821	1482	4123.567	2071.4	-44.104	891	NA
"651"	14867	1486.6	2326.161	2049.355	-45.01	892	NA
"652"	14844	1484.3	4141.091	2103.122	-45.862	893	NA
"653"	14862	1486.1	4163.577	2129.563	-42.975	894	NA
"654"	33324	3332.3	2306.559	2036.905	-46.299	895	NA
"655"	14886	1488.5	4185.7	2158.271	-47.147	896	NA
"656"	31922	3192.1	2146.889	2032.858	-56.936	897	NA
"657"	14918	1491.7	4222.834	2202.764	-45.665	898	NA
"658"	14941	1494	4246.108	2231.886	-46.97	899	NA
"659"	15335	1533.4	-370.641	8219.539	-173.375	900	NA
"660"	15337	1533.6	1579.414	2005.591	-27.514	901	NA
"661"	15037	1503.6	4327.415	2372.337	-51.939	903	NA
"662"	15079	1507.8	4351.22	2418.396	-53.185	904	NA
"663"	19818	1981.7	-3465.547	7037.974	-149.342	905	NA
"664"	15620	1561.9	-970.668	8240.996	-174.96	906	NA
"665"	16737	1673.6	-610.937	2112.437	-34.21	907	NA
"666"	15380	1537.9	4501.938	2832.664	-75.347	908	NA
"667"	15392	1539.1	4507.201	2858.122	-65.201	909	NA
"668"	15489	1548.8	-3399.762	7156.215	-154.203	910	NA
"669"	15579	1557.8	-3484.288	7046.276	-155.082	911	NA
"670"	15562	1556.1	4523.997	3152.396	-80.82	912	NA
"671"	15581	1558	4517.222	3173.556	-79.746	913	NA
"672"	15603	1560.2	4519.139	3212.361	-79.219	914	NA
"673"	15613	1561.2	-3477.03	7056.372	111.673	915	NA
"674"	15609	1560.8	4518.168	3223.565	-81.093	916	NA
"675"	15629	1562.8	-3518.693	6762.255	112.433	918	NA
"676"	15678	1567.7	-1119.448	8265.55	-170.874	919	NA
"677"	15641	1564	4512.349	3280.8	-80.855	920	NA
"678"	15810	1580.9	-1391.579	8272.076	-174.81	921	NA
"679"	15708	1570.7	4517.087	3401.916	-81.227	922	NA
"680"	15729	1572.8	4530.432	3432.278	-81.363	923	NA
"681"	15734	1573.3	4531.691	3441.256	-80.325	924	NA
"682"	15754	1575.3	4518.537	3458.83	-68.334	925	NA
"683"	15820	1581.9	-1417.456	8273.617	-173.957	926	NA
"684"	15865	1586.4	-1517.223	8262.677	-175.044	927	NA
"685"	15904	1590.3	-1609.73	8272.786	-171.46	928	NA
"686"	15916	1591.5	4445.354	3686.326	-83.024	929	NA
"687"	15941	1594	-1658.286	8262.864	-174.206	930	NA
"688"	15962	1596.1	-1704.698	8265.406	-174.486	931	NA
"689"	15971	1597	-1729.263	8262.385	-171.873	932	NA
"690"	16041	1604	-1878.438	8256.369	-174.92	933	NA
"691"	16006	1600.5	-843.844	-1830.922	-226.504	934	NA
"692"	16073	1607.2	-1941.341	8256.724	-171.051	935	NA
"693"	16139	1613.8	-2073.708	8231.155	-173.773	936	NA
"694"	16195	1619.4	-2202.391	8210.694	-170.894	937	NA
"695"	16257	1625.6	-2329.682	8164.27	-176.765	938	NA
"696"	16332	1633.1	-2459.08	8102.355	-171.517	939	NA
"697"	16357	1635.6	-2510.99	8076.629	-174.904	940	NA
"698"	27693	2769.2	1343.653	-32.677	-0.76	941	NA
"699"	16391	1639	-2577.734	8062.838	-171.806	942	NA
"700"	16409	1640.8	-2608.674	8046.231	-169.946	943	NA
"701"	16561	1656	-2899.336	7867.097	-167.783	944	NA
"702"	16575	1657.4	3933.821	4647.487	-95.736	945	NA
"703"	16618	1661.7	-2980.737	7774.384	-163.63	946	NA
"704"	16633	1663.2	-3003.129	7751.561	-163.939	947	NA
"705"	16669	1666.8	-3052.421	7691.947	-162.68	948	NA
"706"	16798	1679.7	-3210.567	7516.832	-160.878	949	NA
"707"	16718	1671.7	3824.784	4842.273	-108.686	950	NA
"708"	16759	1675.8	-652.425	2113.232	-38.159	951	NA
"709"	16844	1684.3	-787.868	2114.099	-39.494	952	NA
"710"	16883	1688.2	-3293.124	7369.9	-156.341	954	NA
"711"	16951	1695	-3334.262	7324.55	-158.296	955	NA
"712"	16916	1691.5	3699.353	5110.15	-115.514	956	NA
"713"	17002	1700.1	3641.385	5218.5	-113.24	957	NA
"714"	17045	1704.4	3615.229	5278.846	-105.416	958	NA
"715"	17109	1710.8	-3356.375	7263.524	-155.965	959	NA
"716"	22273	2227.2	-3474.844	7041.149	-153.03	960	NA
"717"	17123	1712.2	-1252.812	2072.231	-37.583	961	NA
"718"	17152	1715.1	-3401.154	7184.056	-154.817	963	NA
"719"	17176	1717.5	-3426.985	7149.797	-153.326	964	NA
"720"	17234	1723.3	-1431.058	1999.32	-37.29	965	NA
"721"	17255	1725.4	-3481.844	7051.902	-151.459	966	NA
"722"	17290	1728.9	-3533.804	6524.083	-266.015	967	NA
"723"	17322	1732.1	-1573.883	1962.526	-34.607	968	NA
"724"	17398	1739.7	-1672.182	1898.877	-34.659	969	NA
"725"	17533	1753.2	-1865.115	1795.62	-31.684	970	NA
"726"	17574	1757.3	-1934.35	1764.983	-28.147	971	NA
"727"	17591	1759	-1954.402	1745.961	-29.524	973	NA
"728"	17632	1763.1	-2012.37	1710.472	-27.842	974	NA
"729"	17690	1768.9	-2084.881	1647.55	-24.832	975	NA
"730"	17748	1774.7	-2163.594	1594.123	-18.537	976	NA
"731"	18650	1864.9	-2677.081	230.026	6.338	977	NA
"732"	33324	3332.3	2300.146	2060.05	-45.427	979	NA
"733"	18387	1838.6	2523.119	2047.03	-47.158	980	NA
"734"	21028	2102.7	2532.737	2026.595	-61.973	981	NA
"735"	18517	1851.6	2522.214	2046.702	-46.067	982	NA
"736"	19480	1947.9	2545.891	2035.903	-47.523	983	NA
"737"	19037	1903.6	-2633.507	-404.348	18.074	984	NA
"738"	27419	2741.8	-1508.895	-1922.427	47.951	985	NA
"739"	19396	1939.5	1587.085	1976.796	-41.104	986	NA
"740"	19942	1994.1	1587.112	1976.326	-41.445	987	NA
"741"	30296	3029.5	2532.626	2029.596	-45.651	988	NA
"742"	19679	1967.8	2535.89	2036.088	-46.427	989	NA
"743"	33324	3332.3	3093.042	6846.42	-145.43	990	NA
"744"	19829	1982.8	-3470.687	7024.26	-148.598	991	NA
"745"	33324	3332.3	2320.982	2001.624	-44.963	992	NA
"746"	20156	2015.5	1587.503	1976.01	-41.633	993	NA
"747"	20265	2026.4	1586.967	1976.204	-41.471	994	NA
"748"	20314	2031.3	1587.275	1976.253	-41.44	995	NA
"749"	20360	2035.9	1587.299	1976.285	-41.452	996	NA
"750"	20427	2042.6	1588.119	1976.472	-41.382	997	NA
"751"	20517	2051.6	1587.393	1976.926	-41.009	998	NA
"752"	20640	2063.9	2555.386	2016.476	-36.277	999	NA
"753"	20820	2081.9	1587.927	1976.676	-41.362	1000	NA
"754"	20662	2066.1	2521.18	2047.336	-44.912	1001	NA
"755"	20734	2073.3	2572.217	2063.621	-30.972	1002	NA
"756"	20778	2077.7	2554.513	2016.027	-45.975	1003	NA
"757"	30416	3041.5	2555.779	2020.019	-37.114	1004	NA
"758"	20842	2084.1	1587.404	1976.003	-42.027	1005	NA
"759"	30244	3024.3	2529.543	2031.029	-47.807	1006	NA
"760"	30950	3094.9	2482.653	2047.022	-27.864	1007	NA
"761"	22298	2229.7	-3457.685	6427.106	-225.861	1008	NA
"762"	22302	2230.1	1593.267	1974.897	-43.841	1009	NA
"763"	22921	2292	2442.276	2068.453	-48.816	1010	NA
"764"	26712	2671.1	-443.657	8222.798	-178.582	1011	NA
"765"	27586	2758.5	1324.26	-108.24	4.637	1012	NA
"766"	22941	2294	2439.421	2068.796	-47.14	1013	NA
"767"	23094	2309.3	2446.08	2069.26	-44.255	1014	NA
"768"	33324	3332.3	2440.831	2066.726	-47.016	1015	NA
"769"	25972	2597.1	1585.754	1986.008	-40.818	1016	NA
"770"	26014	2601.3	-1905.429	1787.199	-18.172	1017	NA
"771"	25997	2599.6	1585.475	1985.874	-40.912	1018	NA
"772"	26024	2602.3	-1923.952	1776.188	-26.606	1019	NA
"773"	26070	2606.9	-2057.169	1665.482	-17.875	1020	NA
"774"	26358	2635.7	1584.951	1981.372	-40.571	1021	NA
"775"	26084	2608.3	-2095.755	1642.14	-17.941	1022	NA
"776"	26126	2612.5	-2180.599	1579.235	-17.974	1023	NA
"777"	26222	2622.1	-2400.189	1323.375	-14.837	1024	NA
"778"	26336	2633.5	-2518.88	1066.715	-12.158	1025	NA
"779"	26390	2638.9	-2578.269	912.507	-6.941	1026	NA
"780"	26463	2646.2	1585.287	1981.821	-40.789	1027	NA
"781"	26439	2643.8	-2585.777	830.165	-5.583	1028	NA
"782"	26546	2654.5	-2661.644	471.552	0.671	1029	NA
"783"	26654	2665.3	1587.092	1981.089	-40.378	1030	NA
"784"	26561	2656	1591.049	1980.606	-41.409	1031	NA
"785"	26575	2657.4	-2666.671	374.692	3.348	1032	NA
"786"	26610	2660.9	-2677.68	278.426	4.215	1033	NA
"787"	26659	2665.8	-2680.082	112.312	7.056	1034	NA
"788"	26676	2667.5	-2675.622	46.563	9.681	1035	NA
"789"	26685	2668.4	-2680.985	19.009	8.784	1036	NA
"790"	26707	2670.6	-2679.996	-29.333	10.37	1037	NA
"791"	26722	2672.1	-2685.112	-78.082	12.466	1038	NA
"792"	26738	2673.7	-2669.111	-114.599	7.855	1039	NA
"793"	26801	2680	-471.665	8204.929	-176.292	1040	NA
"794"	26761	2676	-2658.4	-201.573	18.108	1041	NA
"795"	26771	2677	1587.211	1981.317	-40.404	1042	NA
"796"	26823	2682.2	1587.43	1981.347	-40.458	1043	NA
"797"	33324	3332.3	-644.727	8198.374	-182.94	1044	NA
"798"	26833	2683.2	-2615.666	-447.623	13.999	1045	NA
"799"	26897	2689.6	-2585.014	-648.712	21.458	1046	NA
"800"	26908	2690.7	-2565.795	-696.982	27.011	1047	NA
"801"	26939	2693.8	-2541.57	-787.633	23.565	1048	NA
"802"	26947	2694.6	-2542.922	-814.207	24.762	1049	NA
"803"	26981	2698	-2503.343	-921.061	24.541	1050	NA
"804"	26992	2699.1	-2488.432	-955.72	25.117	1051	NA
"805"	27008	2700.7	-2464.843	-1009.527	29.461	1052	NA
"806"	27065	2706.4	-2345.773	-1194.823	31.199	1053	NA
"807"	33324	3332.3	-2122.764	-1564.879	32.158	1054	NA
"808"	27115	2711.4	1590.751	1983.392	-42.293	1055	NA
"809"	27232	2723.1	1590.626	1983.585	-42.58	1056	NA
"810"	27291	2729	1592.436	1981.895	-43.24	1057	NA
"811"	27334	2733.3	1592.385	1982.201	-42.947	1058	NA
"812"	27377	2737.6	1592.276	1982.208	-43.353	1059	NA
"813"	27478	2747.7	-1305.157	-1959.806	46.763	1060	NA
"814"	27476	2747.5	1591.412	1983.002	-41.72	1061	NA
"815"	27498	2749.7	1591.403	1983.55	-42.648	1062	NA
"816"	27553	2755.2	-1055.371	-2030.048	48.146	1063	NA
"817"	27566	2756.5	-522.34	-2068.021	-252.265	1064	NA
"818"	27589	2758.8	-917.725	-2025.334	60.596	1065	NA
"819"	27595	2759.4	1324.266	-109.162	2.525	1066	NA
"820"	27609	2760.8	1322.89	-112.315	11.914	1067	NA
"821"	27654	2765.3	1338.744	-98.278	7.094	1068	NA
"822"	27672	2767.1	-624.952	-2043.112	48.877	1069	NA
"823"	27707	2770.6	-520.58	-2021.535	44.2	1070	NA
"824"	33324	3332.3	1342.809	-31.73	-0.596	1071	NA
"825"	27735	2773.4	-442.594	-2001.635	47.738	1072	NA
"826"	27761	2776	1501.136	131.661	14.528	1073	NA
"827"	27786	2778.5	-310.899	-1982.943	43.097	1074	NA
"828"	27771	2777	1515.207	155.978	14.073	1075	NA
"829"	27786	2778.5	1537.482	184.665	12.414	1076	NA
"830"	27823	2782.2	-185.266	-1934.107	44.611	1077	NA
"831"	27809	2780.8	-835.598	-1818.199	-224.001	1078	NA
"832"	27812	2781.1	1566.218	236.438	6.019	1079	NA
"833"	27828	2782.7	1583.535	264.262	1.585	1080	NA
"834"	27830	2782.9	-161.225	-1932.335	42.912	1081	NA
"835"	27840	2783.9	-127.014	-1924.411	42.906	1082	NA
"836"	27853	2785.2	1626.837	319.987	5.1	1084	NA
"837"	27879	2787.8	1662.613	360.071	2.931	1085	NA
"838"	27876	2787.5	-13.312	-1861.412	40.14	1086	NA
"839"	27887	2788.6	22.763	-1842.744	39.928	1087	NA
"840"	27904	2790.3	69.742	-1826.163	41.263	1088	NA
"841"	27934	2793.3	1753.893	459.881	3.652	1089	NA
"842"	27944	2794.3	192.29	-1741.312	46.45	1090	NA
"843"	27963	2796.2	1794.169	491.503	3.7	1091	NA
"844"	28184	2818.3	3271.024	1404.054	-32.105	1092	NA
"845"	27973	2797.2	258.479	-1694.615	45.582	1093	NA
"846"	28005	2800.4	1877.017	567.14	-0.053	1094	NA
"847"	28019	2801.8	1905.962	579.631	0.286	1095	NA
"848"	28027	2802.6	401.864	-1576.594	34.575	1096	NA
"849"	28042	2804.1	1954.075	625.729	5.961	1097	NA
"850"	28048	2804.7	444.447	-1523.136	37.503	1098	NA
"851"	28060	2805.9	1984.551	646.758	2.357	1099	NA
"852"	28284	2828.3	1588.323	1987.067	-41.084	1100	NA
"853"	28081	2808	2015.445	682.837	0.821	1101	NA
"854"	28085	2808.4	526.58	-1435.352	40.025	1102	NA
"855"	28109	2810.8	2077.33	720.704	-6.343	1103	NA
"856"	28136	2813.5	2145.316	764.78	-2.045	1104	NA
"857"	28121	2812	604.109	-1339.949	37.715	1105	NA
"858"	28153	2815.2	2182.214	787.95	-3.402	1106	NA
"859"	28155	2815.4	673.248	-1246.842	36.22	1107	NA
"860"	28196	2819.5	2265.785	846.15	-6.975	1108	NA
"861"	28193	2819.2	1589.318	1987.141	-41.464	1109	NA
"862"	28219	2821.8	2307.04	875.49	-5.793	1110	NA
"863"	28211	2821	781.267	-1080.438	31.59	1111	NA
"864"	28234	2823.3	3308.835	1411.974	-27.05	1112	NA
"865"	28376	2837.5	2619.962	1055.731	-11.56	1113	NA
"866"	28276	2827.5	896.139	-901.998	29.929	1114	NA
"867"	28494	2849.3	3353.937	1439.514	-29.276	1115	NA
"868"	28290	2828.9	911.053	-858.022	18.284	1116	NA
"869"	28325	2832.4	970.744	-771.03	20.184	1117	NA
"870"	28309	2830.8	2473.36	976.002	-13.803	1118	NA
"871"	28803	2880.2	1587.657	1982.485	-40.68	1119	NA
"872"	28367	2836.6	1047.789	-641.074	22.178	1120	NA
"873"	28534	2853.3	2950.402	1218.876	-15.882	1121	NA
"874"	28436	2843.5	1159.225	-419.155	9.838	1122	NA
"875"	28448	2844.7	1178.776	-384.426	18.898	1123	NA
"876"	28497	2849.6	1252.562	-242.691	16.89	1124	NA
"877"	28521	2852	1283.103	-181.778	15.88	1125	NA
"878"	28535	2853.4	3387.666	1465.891	-28.149	1126	NA
"879"	28569	2856.8	3017.808	1248.833	-15.049	1127	NA
"880"	28594	2859.3	3444.872	1505.056	-28.547	1128	NA
"881"	28583	2858.2	3032.218	1275.24	-16.219	1129	NA
"882"	28656	2865.5	3192.228	1344.934	-22.567	1130	NA
"883"	28592	2859.1	1401.096	22.59	6.867	1131	NA
"884"	28621	2862	3475.747	1517.707	-29.915	1132	NA
"885"	28725	2872.4	3351.004	1435.264	-25.595	1133	NA
"886"	28670	2866.9	3531.421	1541.96	-34.951	1134	NA
"887"	28726	2872.5	1685.39	387.617	6.879	1135	NA
"888"	31966	3196.5	3402.157	1499.497	-40.282	1136	NA
"889"	28778	2877.7	3648.587	1627.99	-36.465	1137	NA
"890"	28810	2880.9	1890.886	586.602	-1.54	1138	NA
"891"	28842	2884.1	1982.13	641.101	-1.762	1139	NA
"892"	28848	2884.7	3729.951	1680.647	-37.832	1140	NA
"893"	28856	2885.5	2015.179	660.751	-2.469	1141	NA
"894"	28873	2887.2	3754.356	1693.219	-35.888	1142	NA
"895"	28894	2889.3	2110.811	735.493	-1.376	1143	NA
"896"	28919	2891.8	3800.629	1746.696	-35.876	1144	NA
"897"	28912	2891.1	2149.668	777.299	-2.938	1145	NA
"898"	28930	2892.9	2200.92	809.014	-5.983	1146	NA
"899"	28961	2896	3833.701	1778.628	-40.153	1147	NA
"900"	29047	2904.6	2567.182	1035.762	-10.598	1148	NA
"901"	28985	2898.4	3855.466	1793.07	-40.009	1149	NA
"902"	28999	2899.8	3869.381	1807.097	-38.399	1150	NA
"903"	29044	2904.3	3914.348	1857.868	-38.694	1151	NA
"904"	29105	2910.4	2745.565	1145.245	-15.721	1152	NA
"905"	29125	2912.4	3991.912	1951.073	-45.437	1153	NA
"906"	29555	2955.4	4023.087	1973.636	-41.468	1154	NA
"907"	29175	2917.4	4030.838	2001.817	-48.932	1155	NA
"908"	29229	2922.8	4093.89	2063.745	-47.698	1156	NA
"909"	29264	2926.3	4113.392	2091.068	-46.714	1157	NA
"910"	29325	2932.4	4162.571	2163.597	-49.61	1158	NA
"911"	29354	2935.3	4188.681	2201.559	-49.795	1159	NA
"912"	29397	2939.6	4216.069	2241.762	-51.181	1160	NA
"913"	29426	2942.5	4247.574	2270.176	-52.842	1161	NA
"914"	29452	2945.1	4270.148	2300.292	-53.847	1162	NA
"915"	29770	2976.9	4446.751	2705.216	-60.949	1163	NA
"916"	29576	2957.5	4075.15	2029.741	-42.944	1164	NA
"917"	29595	2959.4	4111.124	2087.649	-44.103	1165	NA
"918"	29633	2963.2	4206.335	2198.194	-44.667	1166	NA
"919"	29647	2964.6	4230.108	2242.763	-48.585	1167	NA
"920"	29761	2976	2304.987	2037.233	-44.496	1168	NA
"921"	29692	2969.1	4313.262	2370.757	-50.844	1169	NA
"922"	29738	2973.7	-844.036	-1831.758	-226.614	1170	NA
"923"	29759	2975.8	4414.591	2549.143	-50.434	1171	NA
"924"	29791	2979	4449.007	2720.041	-60.903	1172	NA
"925"	29803	2980.2	2299.526	2062.427	-45.747	1173	NA
"926"	29796	2979.5	4450.572	2726.17	-60.77	1174	NA
"927"	29816	2981.5	4464.195	2757.891	-57.265	1175	NA
"928"	29812	2981.1	2279.372	2032.557	-36.641	1176	NA
"929"	29821	2982	4464.667	2761.59	-57.117	1177	NA
"930"	29823	2982.2	2284.543	2031.344	-42.987	1178	NA
"931"	29841	2984	4473.023	2785.914	-61.93	1179	NA
"932"	29832	2983.1	2242.05	1977.333	-77.103	1180	NA
"933"	29845	2984.4	2272.66	1997.133	-48.125	1181	NA
"934"	29871	2987	4481.27	2819.933	-60.866	1182	NA
"935"	29859	2985.8	2155.05	2036.591	-46.294	1183	NA
"936"	29893	2989.2	-237.331	-1588.803	-194.314	1184	NA
"937"	29918	2991.7	4494.626	2878.628	-62.804	1185	NA
"938"	29880	2987.9	2156.327	2036.256	-46.459	1186	NA
"939"	32626	3262.5	1697.177	2032.026	-40.234	1187	NA
"940"	29925	2992.4	4500.02	2891.029	-61.823	1188	NA
"941"	29927	2992.6	4519.771	3062.518	-75.664	1189	NA
"942"	29961	2996	4507.946	2947.053	-58.921	1190	NA
"943"	29957	2995.6	4505.806	3163.907	-75.956	1191	NA
"944"	29962	2996.1	4507.438	3186.807	-78.34	1192	NA
"945"	29999	2999.8	4494.801	2983.005	-64.909	1193	NA
"946"	29999	2999.8	4499.376	2984.199	-61.086	1194	NA
"947"	30000	2999.9	4515.649	3304.171	-76.342	1195	NA
"948"	30005	3000.4	4500.195	2998.626	-57.794	1196	NA
"949"	30028	3002.7	4496.831	3017.281	-64.868	1197	NA
"950"	30023	3002.2	4506.396	3388.43	-79.333	1198	NA
"951"	30034	3003.3	4500.198	3431.644	-78.402	1199	NA
"952"	30039	3003.8	4499.44	3032.68	-66.206	1200	NA
"953"	30043	3004.2	4498.9	3451.437	-80.914	1201	NA
"954"	30054	3005.3	4504.81	3055.789	-60.616	1202	NA
"955"	30066	3006.5	4502.999	3077.449	-57.173	1203	NA
"956"	30065	3006.4	4480.968	3524.743	-79.97	1204	NA
"957"	30071	3007	4503.596	3078.06	-61.649	1205	NA
"958"	30130	3012.9	4507.995	3152.996	-65.493	1206	NA
"959"	30087	3008.6	4462.175	3601.516	-82.31	1207	NA
"960"	30195	3019.4	4515.403	3240.407	-67.25	1208	NA
"961"	30194	3019.3	4359.279	3903.055	-87.305	1209	NA
"962"	30284	3028.3	4490.582	3328.742	-61.099	1210	NA
"963"	31796	3179.5	-1379.435	2037.772	-33.092	1211	NA
"964"	30285	3028.4	2533.621	2030.696	-44.536	1212	NA
"965"	30358	3035.7	2532.391	2030.291	-45.768	1213	NA
"966"	30310	3030.9	4488.586	3365.908	-61.459	1214	NA
"967"	30457	3045.6	2529.578	2035.064	-51.872	1215	NA
"968"	30432	3043.1	4459.585	3521.968	-64.89	1216	NA
"969"	30349	3034.8	4129.456	4319.167	-91.396	1217	NA
"970"	30369	3036.8	2565.084	2006.668	-46.598	1218	NA
"971"	30382	3038.1	2540.787	2031.751	-56.736	1219	NA
"972"	33324	3332.3	2551.042	1970.568	-45.233	1220	NA
"973"	30437	3043.6	4461.102	3525.123	-68.187	1221	NA
"974"	30607	3060.6	2531.407	2026.055	-46.416	1222	NA
"975"	31346	3134.5	3989.287	4529.223	-96.487	1223	NA
"976"	31465	3146.4	2529.821	2033.912	-51.481	1224	NA
"977"	30640	3063.9	2534.136	2020.507	-45.82	1225	NA
"978"	30678	3067.7	3644.922	5223.478	-105.383	1226	NA
"979"	30793	3079.2	1584.184	1994.575	-41.265	1227	NA
"980"	30778	3077.7	3523.327	5496.875	-120.241	1228	NA
"981"	33324	3332.3	1588.239	1992.4	-43.48	1229	NA
"982"	30947	3094.6	3335.692	6068.594	-134.277	1230	NA
"983"	33324	3332.3	2479.924	2027.268	-46.419	1231	NA
"984"	30997	3099.6	3298.244	6230.455	-137.983	1232	NA
"985"	31009	3100.8	3293.874	6268.393	-138.237	1233	NA
"986"	31075	3107.4	3212.807	6499.946	-146.784	1234	NA
"987"	31102	3110.1	3185.79	6586.322	-146.238	1235	NA
"988"	31153	3115.2	3133.272	6727.813	-149.747	1236	NA
"989"	31174	3117.3	3093.825	6800.118	-146.673	1237	NA
"990"	31197	3119.6	3095.39	6862.502	-152.057	1238	NA
"991"	31217	3121.6	3068.656	6937.972	-149.411	1239	NA
"992"	31501	3150	3917.472	4704.25	-92.778	1240	NA
"993"	31649	3164.8	2533.488	2028.519	-46.291	1241	NA
"994"	31608	3160.7	2532.963	2029.412	-46.002	1242	NA
"995"	31472	3147.1	2567.337	7659.318	-159.511	1243	NA
"996"	31485	3148.4	2535.142	7691.876	-161.565	1244	NA
"997"	31611	3161	3851.293	4808.862	-98.515	1245	NA
"998"	31559	3155.8	2388.387	7842.59	-162.419	1246	NA
"999"	31584	3158.3	2332.872	7893.495	-165.89	1247	NA
"1000"	31618	3161.7	3849.992	4815.625	-99.267	1248	NA
"1001"	33324	3332.3	2532.049	2029.03	-46.476	1249	NA
"1002"	31704	3170.3	3827.436	4882.084	-89.834	1250	NA
"1003"	31658	3165.7	2118.088	8047.218	-171.296	1251	NA
"1004"	31681	3168	2063.38	8101.187	-171.829	1252	NA
"1005"	31724	3172.3	3822.21	4906.548	-90.58	1253	NA
"1006"	31737	3173.6	3802.948	4914.799	-101.915	1254	NA
"1007"	31742	3174.1	3808.009	4918.74	-94.962	1255	NA
"1008"	31779	3177.8	1760.277	8230.994	-177.894	1256	NA
"1009"	31765	3176.4	3786.577	4942.625	-100.287	1257	NA
"1010"	31778	3177.7	2346.87	2041.209	-43.245	1258	NA
"1011"	31772	3177.1	3777.7	4947.395	-104.175	1259	NA
"1012"	31780	3177.9	3775.843	4956.667	-99.507	1260	NA
"1013"	31806	3180.5	2306.35	2039.351	-44.913	1261	NA
"1014"	31790	3178.9	3769.458	4973.099	-99.207	1262	NA
"1015"	31811	3181	3754.664	4996.102	-102.324	1263	NA
"1016"	31804	3180.3	-1395.084	2031.181	-34.466	1264	NA
"1017"	31816	3181.5	-1414.998	2020.824	-29.341	1265	NA
"1018"	31924	3192.3	3703.629	5080.646	-103.069	1266	NA
"1019"	31848	3184.7	-1476.113	2002.436	-37.007	1267	NA
"1020"	31843	3184.2	2229.479	2028.532	-30.548	1268	NA
"1021"	31880	3187.9	1452.149	8275.765	-178.345	1269	NA
"1022"	31877	3187.6	-1537.923	1982.773	-30.569	1270	NA
"1023"	31870	3186.9	2184.822	2022.966	-27.564	1271	NA
"1024"	31887	3188.6	-1557.764	1970.752	-29.1	1272	NA
"1025"	31907	3190.6	-1597.905	1947.356	-28.208	1273	NA
"1026"	31963	3196.2	-1726.141	1888.331	-23.34	1274	NA
"1027"	32593	3259.2	2153.744	2037.886	-43.288	1275	NA
"1028"	32090	3208.9	1774.628	2020.16	-33.425	1277	NA
"1029"	31938	3193.7	3696.671	5100.437	-101.808	1278	NA
"1030"	31962	3196.1	3695.145	5125.431	-93.079	1279	NA
"1031"	31996	3199.5	3686.146	5152.015	-97.478	1280	NA
"1032"	31971	3197	-1740.4	1883.284	-25.998	1281	NA
"1033"	32639	3263.8	4511.056	3217.793	-62.008	1282	NA
"1034"	31979	3197.8	-1758.288	1877.979	-35.55	1283	NA
"1035"	31989	3198.8	-1771.272	1870.672	-34.744	1284	NA
"1036"	32047	3204.6	-1886.851	1809.141	-27.345	1285	NA
"1037"	32008	3200.7	3671.435	5156.131	-109.911	1286	NA
"1038"	32019	3201.8	3658.406	5169.45	-106.727	1287	NA
"1039"	32036	3203.5	3652.37	5187.447	-104.018	1288	NA
"1040"	32060	3205.9	3635.734	5211.216	-109.488	1289	NA
"1041"	32074	3207.3	-1939.123	1775.312	-24.441	1290	NA
"1042"	32094	3209.3	3615.146	5244.332	-106.961	1291	NA
"1043"	32081	3208	-1948.638	1769.205	-23.507	1292	NA
"1044"	32102	3210.1	-1986.4	1738.545	-19.694	1293	NA
"1045"	32104	3210.3	1711.199	2014.585	-2.725	1294	NA
"1046"	32103	3210.2	3605.984	5254.689	-111.515	1295	NA
"1047"	32112	3211.1	3599.063	5267.948	-118.107	1296	NA
"1048"	32136	3213.5	1677.282	2008.65	-33.07	1297	NA
"1049"	32134	3213.3	-2031.073	1694.624	-20.987	1298	NA
"1050"	32119	3211.8	3596.213	5280.029	-118.742	1299	NA
"1051"	32128	3212.7	653.038	8228.421	-180.544	1300	NA
"1052"	32124	3212.3	3605.108	5281.867	-103.801	1301	NA
"1053"	32138	3213.7	3590.991	5300.488	-107.178	1302	NA
"1054"	32138	3213.7	620.753	8226.254	-181.537	1303	NA
"1055"	32166	3216.5	-2078.321	1681.16	-13.343	1304	NA
"1056"	32150	3214.9	3583.042	5320.369	-110.292	1305	NA
"1057"	32161	3216	1585.07	1992.406	-43.57	1306	NA
"1058"	32155	3215.4	3591.9	5331.694	-97.089	1307	NA
"1059"	32164	3216.3	3577.154	5335.61	-110.029	1308	NA
"1060"	32463	3246.2	-536.303	8217.3	-178.839	1309	NA
"1061"	32169	3216.8	3583.185	5347.656	-99.18	1310	NA
"1062"	32197	3219.6	3567.933	5364.586	-109.243	1311	NA
"1063"	32198	3219.7	-2120.133	1634.462	-11.531	1312	NA
"1064"	32207	3220.6	3564.82	5375.626	-106.407	1314	NA
"1065"	32238	3223.7	-2197.956	1571.295	-9.176	1315	NA
"1066"	32234	3223.3	3552.22	5411.114	-103.435	1316	NA
"1067"	33324	3332.3	-868.537	2105.717	-33.774	1317	NA
"1068"	32289	3228.8	3521.308	5468.075	-115.149	1318	NA
"1069"	32253	3225.2	-2215.971	1549.751	-8.996	1319	NA
"1070"	32255	3225.4	3528.917	5427.278	-118.802	1320	NA
"1071"	32291	3229	-2278.727	1502.935	-12.283	1321	NA
"1072"	32335	3233.4	3504.603	5520.221	-109.026	1322	NA
"1073"	32389	3238.8	2292.741	1990.183	-43.236	1323	NA
"1074"	32389	3238.8	-2397.507	1356.072	-11.961	1324	NA
"1075"	32349	3234.8	2291.046	1984.222	-47.506	1325	NA
"1076"	32372	3237.1	3476.55	5566.744	-115.624	1326	NA
"1077"	33324	3332.3	2293.65	1988.849	-44.743	1327	NA
"1078"	32406	3240.5	3461.293	5614.055	-116.825	1328	NA
"1079"	32694	3269.3	2157.693	2036.003	-44.759	1329	NA
"1080"	32586	3258.5	3399.446	5832.838	-118.208	1331	NA
"1081"	32432	3243.1	-2421.975	1288.176	-11.053	1332	NA
"1082"	32464	3246.3	-2454.48	1231.931	-6.635	1333	NA
"1083"	32521	3252	-725.428	8234.898	-175.658	1334	NA
"1084"	32483	3248.2	-2474.042	1199.478	-7.073	1335	NA
"1085"	32490	3248.9	-2475.792	1191.012	-14.907	1336	NA
"1086"	32500	3249.9	-2481.735	1170.006	-9.371	1337	NA
"1087"	32526	3252.5	-2500.504	1112.475	-2.61	1338	NA
"1088"	32572	3257.1	-2544.01	1045.497	-8.854	1339	NA
"1089"	32574	3257.3	-906.827	8240.104	-178.53	1340	NA
"1090"	32834	3283.3	-2658.708	502.614	11.206	1341	NA
"1091"	32756	3275.5	3339.292	6030.649	-127.568	1342	NA
"1092"	32622	3262.1	-1049.269	8241.104	-177.726	1344	NA
"1093"	32638	3263.7	-1104.615	8249.008	-177.954	1345	NA
"1094"	33324	3332.3	2155.903	2035.878	-46.601	1346	NA
"1095"	32644	3264.3	4513.501	3225.622	-68.753	1347	NA
"1096"	32649	3264.8	4515.821	3228.634	-68.28	1348	NA
"1097"	33324	3332.3	3589.112	5326.498	-109.74	1349	NA
"1098"	32678	3267.7	-1232.381	8264.907	-177.363	1350	NA
"1099"	32691	3269	-1268.34	8258.869	-180.168	1351	NA
"1100"	33324	3332.3	823.415	2096.329	-33.358	1352	NA
"1101"	32704	3270.3	-1311.51	8261.414	-179.795	1353	NA
"1102"	32769	3276.8	-1546.044	8258.085	-180.453	1354	NA
"1103"	32800	3279.9	3341.817	6088.513	-111.94	1355	NA
"1104"	32830	3282.9	-1775.85	8255.952	-176.821	1356	NA
"1105"	32861	3286	3312.129	6140.864	-122.877	1357	NA
"1106"	32862	3286.1	-1905.182	8243.472	-176.545	1358	NA
"1107"	32990	3298.9	-2675.963	172.335	10.079	1359	NA
"1108"	33038	3303.7	-2461.163	8112.601	-171.882	1360	NA
"1109"	32887	3288.6	3304.007	6175.771	-126.698	1361	NA
"1110"	32936	3293.5	3292.582	6229.274	-126.844	1362	NA
"1111"	32942	3294.1	3298.232	6238.781	-119.615	1363	NA
"1112"	32955	3295.4	3282.683	6256	-132.035	1364	NA
"1113"	32992	3299.1	3279.284	6302.211	-118.67	1365	NA
"1114"	32978	3297.7	3270.891	6282.204	-137.566	1366	NA
"1115"	33001	3300	-2681.15	154.217	3.542	1367	NA
"1116"	33010	3300.9	-2686.03	137.474	3.248	1368	NA
"1117"	33199	3319.8	-2650.595	-186.537	7.153	1369	NA
"1118"	33045	3304.4	3251.748	6345.959	-131.659	1370	NA
"1119"	33324	3332.3	2544.322	1959.833	-43.853	1371	NA
"1120"	33073	3307.2	-2586.308	8055.242	-174.173	1372	NA
"1121"	33069	3306.8	3249.272	6381.234	-132.908	1373	NA
"1122"	33081	3308	3249.772	6386.041	-129.2	1374	NA
"1123"	33091	3309	3240.471	6399.926	-138.236	1375	NA
"1124"	33100	3309.9	-2668.606	8001.665	-170.126	1376	NA
"1125"	33110	3310.9	3224.135	6419.614	-140.816	1377	NA
"1126"	33111	3311	-2706.686	7993.537	-170.378	1378	NA
"1127"	33134	3313.3	-2777.999	7940.817	-170.352	1379	NA
"1128"	33143	3314.2	3215.582	6460.465	-143.584	1380	NA
"1129"	33214	3321.3	3209.1	6523.298	-133.83	1381	NA
"1130"	33181	3318	-2915.583	7850.992	-168.267	1382	NA
"1131"	33221	3322	-3028.741	7731.676	-164.789	1383	NA
"1132"	33229	3322.8	-2657.367	-242.538	14.21	1384	NA
"1133"	33222	3322.1	3212.434	6535.063	-127.343	1385	NA
"1134"	33295	3329.4	-2633.346	-376.571	14.939	1386	NA
"1135"	33273	3327.2	3188.663	6593.14	-128.85	1387	NA
"1136"	33324	3332.3	3156.587	6645.297	-145.235	1388	NA
"1137"	33324	3332.3	-2619.842	-433.872	15.297	1389	NA
